0 	 0
0,01001001001001 	 0,00950872945676407
0,02002002002002 	 0,0190211107800092
0,03003003003003 	 0,0285371439697355
0,04004004004004 	 0,0380568290259429
0,05005005005005 	 0,0475801659486313
0,0600600600600601 	 0,0571071547378009
0,0700700700700701 	 0,0666377953934515
0,0800800800800801 	 0,0761720879155832
0,0900900900900901 	 0,0857100323041961
0,1001001001001 	 0,09525162855929
0,11011011011011 	 0,104796876680865
0,12012012012012 	 0,114345776668921
0,13013013013013 	 0,123898328523458
0,14014014014014 	 0,133454532244477
0,15015015015015 	 0,143014387831976
0,16016016016016 	 0,152577895285957
0,17017017017017 	 0,162145054606418
0,18018018018018 	 0,171715865793361
0,19019019019019 	 0,181290328846785
0,2002002002002 	 0,19086844376669
0,21021021021021 	 0,200450210553076
0,22022022022022 	 0,210035629205943
0,23023023023023 	 0,219624699725291
0,24024024024024 	 0,22921742211112
0,25025025025025 	 0,238813796363431
0,26026026026026 	 0,248413822482222
0,27027027027027 	 0,258017500467494
0,28028028028028 	 0,267624830319248
0,29029029029029 	 0,277235812037483
0,3003003003003 	 0,286850445622199
0,31031031031031 	 0,296468731073396
0,32032032032032 	 0,306090668391074
0,33033033033033 	 0,315716257575233
0,34034034034034 	 0,325345498625873
0,35035035035035 	 0,334978391542994
0,36036036036036 	 0,344614936326597
0,37037037037037 	 0,35425513297668
0,38038038038038 	 0,363898981493245
0,39039039039039 	 0,373546481876291
0,4004004004004 	 0,383197634125817
0,41041041041041 	 0,392852438241825
0,42042042042042 	 0,402510894224314
0,43043043043043 	 0,412173002073285
0,44044044044044 	 0,421838761788736
0,45045045045045 	 0,431508173370668
0,46046046046046 	 0,441181236819081
0,47047047047047 	 0,450857952133976
0,48048048048048 	 0,460538319315351
0,49049049049049 	 0,470222338363208
0,500500500500501 	 0,479909882532674
0,510510510510511 	 0,489545437569813
0,520520520520521 	 0,499083248575834
0,530530530530531 	 0,508523315550737
0,540540540540541 	 0,517865638494522
0,550550550550551 	 0,527110217407188
0,560560560560561 	 0,536257052288736
0,570570570570571 	 0,545306143139166
0,580580580580581 	 0,554257489958478
0,590590590590591 	 0,563111092746672
0,600600600600601 	 0,571866951503747
0,610610610610611 	 0,580525066229704
0,620620620620621 	 0,589085436924543
0,630630630630631 	 0,597548063588264
0,640640640640641 	 0,605912946220866
0,650650650650651 	 0,614180084822351
0,660660660660661 	 0,622349479392717
0,670670670670671 	 0,630421129931965
0,680680680680681 	 0,638395036440095
0,690690690690691 	 0,646271198917106
0,700700700700701 	 0,654049617363
0,710710710710711 	 0,661730291777775
0,720720720720721 	 0,669313222161432
0,730730730730731 	 0,67679840851397
0,740740740740741 	 0,684185850835391
0,750750750750751 	 0,691475549125693
0,760760760760761 	 0,698667503384877
0,770770770770771 	 0,705761713612943
0,780780780780781 	 0,712758179809891
0,790790790790791 	 0,71965690197572
0,800800800800801 	 0,726457880110432
0,810810810810811 	 0,733161114214025
0,820820820820821 	 0,7397666042865
0,830830830830831 	 0,746274350327856
0,840840840840841 	 0,752684352338095
0,850850850850851 	 0,758996610317215
0,860860860860861 	 0,765211124265217
0,870870870870871 	 0,771327894182101
0,880880880880881 	 0,777346920067867
0,890890890890891 	 0,783268201922514
0,900900900900901 	 0,789091739746043
0,910910910910911 	 0,794817533538454
0,920920920920921 	 0,800445583299747
0,930930930930931 	 0,805975889029922
0,940940940940941 	 0,811408450728978
0,950950950950951 	 0,816743268396916
0,960960960960961 	 0,821980342033736
0,970970970970971 	 0,827119671639438
0,980980980980981 	 0,832161257214022
0,990990990990991 	 0,837105098757487
1,001001001001 	 0,841951347973722
1,01101101101101 	 0,84671790592152
1,02102102102102 	 0,851417060615814
1,03103103103103 	 0,856048812056604
1,04104104104104 	 0,860613160243891
1,05105105105105 	 0,865110105177673
1,06106106106106 	 0,869539646857952
1,07107107107107 	 0,873901785284727
1,08108108108108 	 0,878196520457998
1,09109109109109 	 0,882423852377766
1,1011011011011 	 0,88658378104403
1,11111111111111 	 0,89067630645679
1,12112112112112 	 0,894701428616047
1,13113113113113 	 0,898659147521799
1,14114114114114 	 0,902549463174048
1,15115115115115 	 0,906372375572793
1,16116116116116 	 0,910127884718034
1,17117117117117 	 0,913815990609772
1,18118118118118 	 0,917436693248006
1,19119119119119 	 0,920989992632736
1,2012012012012 	 0,924475888763962
1,21121121121121 	 0,927894381641685
1,22122122122122 	 0,931245471265903
1,23123123123123 	 0,934529157636619
1,24124124124124 	 0,93774544075383
1,25125125125125 	 0,940894320617537
1,26126126126126 	 0,943975797227741
1,27127127127127 	 0,946989870584441
1,28128128128128 	 0,949936540687637
1,29129129129129 	 0,95281580753733
1,3013013013013 	 0,955627671133519
1,31131131131131 	 0,958372131476204
1,32132132132132 	 0,961049188565385
1,33133133133133 	 0,963658842401063
1,34134134134134 	 0,966201092983236
1,35135135135135 	 0,968675940311907
1,36136136136136 	 0,971083384387073
1,37137137137137 	 0,973423425208735
1,38138138138138 	 0,975696062776894
1,39139139139139 	 0,977901297091549
1,4014014014014 	 0,9800391281527
1,41141141141141 	 0,982109555960348
1,42142142142142 	 0,984112580514491
1,43143143143143 	 0,986048201815131
1,44144144144144 	 0,987916419862268
1,45145145145145 	 0,9897172346559
1,46146146146146 	 0,991450646196029
1,47147147147147 	 0,993116654482654
1,48148148148148 	 0,994715259515775
1,49149149149149 	 0,996246461295393
1,5015015015015 	 0,997709573998061
1,51151151151151 	 0,999066343916067
1,52152152152152 	 1,00029474849656
1,53153153153153 	 1,00139478773955
1,54154154154154 	 1,00236646164503
1,55155155155155 	 1,00320977021299
1,56156156156156 	 1,00392471344345
1,57157157157157 	 1,0045112913364
1,58158158158158 	 1,00496950389184
1,59159159159159 	 1,00529935110977
1,6016016016016 	 1,00550083299019
1,61161161161161 	 1,0055739495331
1,62162162162162 	 1,0055187007385
1,63163163163163 	 1,00533508660639
1,64164164164164 	 1,00502310713677
1,65165165165165 	 1,00458276232964
1,66166166166166 	 1,004014052185
1,67167167167167 	 1,00331697670285
1,68168168168168 	 1,00249153588319
1,69169169169169 	 1,00153772972602
1,7017017017017 	 1,00045555823134
1,71171171171171 	 0,999245021399156
1,72172172172172 	 0,997906119229459
1,73173173173173 	 0,996438851722252
1,74174174174174 	 0,994843218877535
1,75175175175175 	 0,993119220695309
1,76176176176176 	 0,991266857175573
1,77177177177177 	 0,989286128318328
1,78178178178178 	 0,987177034123572
1,79179179179179 	 0,984939574591307
1,8018018018018 	 0,982573749721532
1,81181181181181 	 0,980079559514248
1,82182182182182 	 0,977457003969454
1,83183183183183 	 0,97470608308715
1,84184184184184 	 0,971826796867337
1,85185185185185 	 0,968819145310014
1,86186186186186 	 0,965683128415181
1,87187187187187 	 0,962418746182839
1,88188188188188 	 0,959025998612986
1,89189189189189 	 0,955504885705625
1,9019019019019 	 0,951855407460753
1,91191191191191 	 0,948077563878372
1,92192192192192 	 0,944171354958481
1,93193193193193 	 0,94013678070108
1,94194194194194 	 0,93597384110617
1,95195195195195 	 0,931682536173751
1,96196196196196 	 0,927262865903821
1,97197197197197 	 0,922714830296382
1,98198198198198 	 0,918038429351433
1,99199199199199 	 0,913233663068974
2,002002002002 	 0,90830209688415
2,01201201201201 	 0,903295390156742
2,02202202202202 	 0,898238589849067
2,03203203203203 	 0,893131695961125
2,04204204204204 	 0,887974708492916
2,05205205205205 	 0,88276762744444
2,06206206206206 	 0,877510452815698
2,07207207207207 	 0,872203184606688
2,08208208208208 	 0,866845822817411
2,09209209209209 	 0,861438367447867
2,1021021021021 	 0,855980818498057
2,11211211211211 	 0,850473175967979
2,12212212212212 	 0,844915439857634
2,13213213213213 	 0,839307610167023
2,14214214214214 	 0,833649686896144
2,15215215215215 	 0,827941670044999
2,16216216216216 	 0,822183559613586
2,17217217217217 	 0,816375355601907
2,18218218218218 	 0,810517058009961
2,19219219219219 	 0,804608666837748
2,2022022022022 	 0,798650182085267
2,21221221221221 	 0,79264160375252
2,22222222222222 	 0,786582931839506
2,23223223223223 	 0,780474166346225
2,24224224224224 	 0,774315307272677
2,25225225225225 	 0,768106354618862
2,26226226226226 	 0,76184730838478
2,27227227227227 	 0,755538168570431
2,28228228228228 	 0,749178935175815
2,29229229229229 	 0,742769608200933
2,3023023023023 	 0,736310187645783
2,31231231231231 	 0,729800673510366
2,32232232232232 	 0,723241065794683
2,33233233233233 	 0,716631364498732
2,34234234234234 	 0,709971569622514
2,35235235235235 	 0,70326168116603
2,36236236236236 	 0,696501699129278
2,37237237237237 	 0,68969162351226
2,38238238238238 	 0,682831454314974
2,39239239239239 	 0,675921191537422
2,4024024024024 	 0,668960835179603
2,41241241241241 	 0,661950385241517
2,42242242242242 	 0,654889841723164
2,43243243243243 	 0,647779204624543
2,44244244244244 	 0,640618473945656
2,45245245245245 	 0,633407649686502
2,46246246246246 	 0,626146731847081
2,47247247247247 	 0,618835720427393
2,48248248248248 	 0,611474615427438
2,49249249249249 	 0,604063416847217
2,5025025025025 	 0,596601585026823
2,51251251251251 	 0,589077247448343
2,52252252252252 	 0,581485547172632
2,53253253253253 	 0,573826484199689
2,54254254254254 	 0,566100058529515
2,55255255255255 	 0,558306270162108
2,56256256256256 	 0,55044511909747
2,57257257257257 	 0,5425166053356
2,58258258258258 	 0,534520728876498
2,59259259259259 	 0,526457489720165
2,6026026026026 	 0,5183268878666
2,61261261261261 	 0,510128923315802
2,62262262262262 	 0,501863596067774
2,63263263263263 	 0,493530906122513
2,64264264264264 	 0,485130853480021
2,65265265265265 	 0,476663438140297
2,66266266266266 	 0,468128660103341
2,67267267267267 	 0,459526519369153
2,68268268268268 	 0,450857015937734
2,69269269269269 	 0,442120149809083
2,7027027027027 	 0,4333159209832
2,71271271271271 	 0,424444329460085
2,72272272272272 	 0,415505375239738
2,73273273273273 	 0,40649905832216
2,74274274274274 	 0,39742537870735
2,75275275275275 	 0,388284336395308
2,76276276276276 	 0,379075931386035
2,77277277277277 	 0,36980016367953
2,78278278278278 	 0,360457033275793
2,79279279279279 	 0,351046540174824
2,8028028028028 	 0,341568684376623
2,81281281281281 	 0,332023465881191
2,82282282282282 	 0,322410884688527
2,83283283283283 	 0,312730940798631
2,84284284284284 	 0,302983634211503
2,85285285285285 	 0,293168964927144
2,86286286286286 	 0,283286932945552
2,87287287287287 	 0,273337538266729
2,88288288288288 	 0,263320780890675
2,89289289289289 	 0,253236660817388
2,9029029029029 	 0,24308517804687
2,91291291291291 	 0,23286633257912
2,92292292292292 	 0,222580124414138
2,93293293293293 	 0,212226553551925
2,94294294294294 	 0,201805619992479
2,95295295295295 	 0,191317323735802
2,96296296296296 	 0,180761664781893
2,97297297297297 	 0,170138643130753
2,98298298298298 	 0,15944825878238
2,99299299299299 	 0,148690511736776
3,003003003003 	 0,137870218305675
3,01301301301301 	 0,127063369185344
3,02302302302302 	 0,116296186517451
3,03303303303303 	 0,105568670301996
3,04304304304304 	 0,0948808205389796
3,05305305305305 	 0,0842326372284017
3,06306306306306 	 0,0736241203702623
3,07307307307307 	 0,0630552699645613
3,08308308308308 	 0,0525260860112987
3,09309309309309 	 0,0420365685104746
3,1031031031031 	 0,0315867174620889
3,11311311311311 	 0,0211765328661416
3,12312312312312 	 0,0108060147226327
3,13313313313313 	 0,00047516303156223
3,14314314314314 	 -0,00981602220706978
3,15315315315315 	 -0,0200675409932634
3,16316316316316 	 -0,0302793933270186
3,17317317317317 	 -0,0404515792083353
3,18318318318318 	 -0,0505840986372136
3,19319319319319 	 -0,0606769516136536
3,2032032032032 	 -0,070730138137655
3,21321321321321 	 -0,0807436582092185
3,22322322322322 	 -0,0907175118283431
3,23323323323323 	 -0,100651698995029
3,24324324324324 	 -0,110546219709277
3,25325325325325 	 -0,120401073971086
3,26326326326326 	 -0,130216261780457
3,27327327327327 	 -0,13999178313739
3,28328328328328 	 -0,149727638041884
3,29329329329329 	 -0,15942382649394
3,3033033033033 	 -0,169080348493557
3,31331331331331 	 -0,178697204040736
3,32332332332332 	 -0,188274393135476
3,33333333333333 	 -0,197811915777778
3,34334334334334 	 -0,207309771967642
3,35335335335335 	 -0,216767961705067
3,36336336336336 	 -0,226186484990053
3,37337337337337 	 -0,235565341822602
3,38338338338338 	 -0,244904532202711
3,39339339339339 	 -0,254204056130383
3,4034034034034 	 -0,263463913605616
3,41341341341341 	 -0,27268410462841
3,42342342342342 	 -0,281864629198766
3,43343343343343 	 -0,291005487316684
3,44344344344344 	 -0,300106678982163
3,45345345345345 	 -0,309168204195204
3,46346346346346 	 -0,318190062955807
3,47347347347347 	 -0,327172255263971
3,48348348348348 	 -0,336114781119696
3,49349349349349 	 -0,345017640522984
3,5035035035035 	 -0,353881475870504
3,51351351351351 	 -0,362713917261505
3,52352352352352 	 -0,371517180308997
3,53353353353353 	 -0,38029126501298
3,54354354354354 	 -0,389036171373455
3,55355355355355 	 -0,39775189939042
3,56356356356356 	 -0,406438449063878
3,57357357357357 	 -0,415095820393826
3,58358358358358 	 -0,423724013380266
3,59359359359359 	 -0,432323028023197
3,6036036036036 	 -0,44089286432262
3,61361361361361 	 -0,449433522278534
3,62362362362362 	 -0,457945001890939
3,63363363363363 	 -0,466427303159835
3,64364364364364 	 -0,474880426085223
3,65365365365365 	 -0,483304370667102
3,66366366366366 	 -0,491699136905473
3,67367367367367 	 -0,500064724800335
3,68368368368368 	 -0,508401134351688
3,69369369369369 	 -0,516708365559532
3,7037037037037 	 -0,524986418423868
3,71371371371371 	 -0,533235292944695
3,72372372372372 	 -0,541454989122014
3,73373373373373 	 -0,549645506955824
3,74374374374374 	 -0,557806846446125
3,75375375375375 	 -0,565939007592917
3,76376376376376 	 -0,574041990396201
3,77377377377377 	 -0,582115794855976
3,78378378378378 	 -0,590160420972242
3,79379379379379 	 -0,598175868745
3,8038038038038 	 -0,606162138174249
3,81381381381381 	 -0,61411922925999
3,82382382382382 	 -0,622047142002221
3,83383383383383 	 -0,629945876400944
3,84384384384384 	 -0,637815432456159
3,85385385385385 	 -0,645655810167864
3,86386386386386 	 -0,653467009536061
3,87387387387387 	 -0,66124903056075
3,88388388388388 	 -0,669001873241929
3,89389389389389 	 -0,6767255375796
3,9039039039039 	 -0,684420023573763
3,91391391391391 	 -0,692085331224416
3,92392392392392 	 -0,699721460531561
3,93393393393393 	 -0,707328411495198
3,94394394394394 	 -0,714906184115325
3,95395395395395 	 -0,722454778391944
3,96396396396396 	 -0,729974194325055
3,97397397397397 	 -0,737464431914656
3,98398398398398 	 -0,744925491160749
3,99399399399399 	 -0,752357372063334
4,004004004004 	 -0,759752860739201
4,01401401401401 	 -0,767045228768672
4,02402402402402 	 -0,774218244914527
4,03403403403403 	 -0,781271909176768
4,04404404404404 	 -0,788206221555393
4,05405405405405 	 -0,795021182050402
4,06406406406406 	 -0,801716790661796
4,07407407407407 	 -0,808293047389575
4,08408408408408 	 -0,814749952233738
4,09409409409409 	 -0,821087505194287
4,1041041041041 	 -0,827305706271219
4,11411411411411 	 -0,833404555464537
4,12412412412412 	 -0,839384052774239
4,13413413413413 	 -0,845244198200326
4,14414414414414 	 -0,850984991742797
4,15415415415415 	 -0,856606433401653
4,16416416416416 	 -0,862108523176894
4,17417417417417 	 -0,867491261068519
4,18418418418418 	 -0,872754647076529
4,19419419419419 	 -0,877898681200924
4,2042042042042 	 -0,882923363441703
4,21421421421421 	 -0,887828693798867
4,22422422422422 	 -0,892614672272416
4,23423423423423 	 -0,897281298862349
4,24424424424424 	 -0,901828573568667
4,25425425425425 	 -0,90625649639137
4,26426426426426 	 -0,910565067330457
4,27427427427427 	 -0,914754286385929
4,28428428428428 	 -0,918824153557785
4,29429429429429 	 -0,922774668846026
4,3043043043043 	 -0,926605832250652
4,31431431431431 	 -0,930317643771663
4,32432432432432 	 -0,933910103409058
4,33433433433433 	 -0,937383211162838
4,34434434434434 	 -0,940736967033002
4,35435435435435 	 -0,943971371019551
4,36436436436436 	 -0,947086423122485
4,37437437437437 	 -0,950082123341803
4,38438438438438 	 -0,952958471677506
4,39439439439439 	 -0,955715468129594
4,4044044044044 	 -0,958353112698067
4,41441441441441 	 -0,960871405382924
4,42442442442442 	 -0,963270346184165
4,43443443443443 	 -0,965549935101792
4,44444444444444 	 -0,967710172135803
4,45445445445445 	 -0,969751057286198
4,46446446446446 	 -0,971672590552978
4,47447447447447 	 -0,973474771936143
4,48448448448448 	 -0,975157601435693
4,49449449449449 	 -0,976721079051627
4,5045045045045 	 -0,978169948699375
4,51451451451451 	 -0,979539233359511
4,52452452452452 	 -0,980836019621749
4,53453453453453 	 -0,98206030748609
4,54454454454454 	 -0,983212096952533
4,55455455455455 	 -0,984291388021079
4,56456456456456 	 -0,985298180691728
4,57457457457457 	 -0,986232474964479
4,58458458458458 	 -0,987094270839333
4,59459459459459 	 -0,987883568316289
4,6046046046046 	 -0,988600367395348
4,61461461461461 	 -0,98924466807651
4,62462462462462 	 -0,989816470359774
4,63463463463463 	 -0,990315774245141
4,64464464464464 	 -0,99074257973261
4,65465465465465 	 -0,991096886822182
4,66466466466466 	 -0,991378695513857
4,67467467467467 	 -0,991588005807634
4,68468468468468 	 -0,991724817703514
4,69469469469469 	 -0,991789131201497
4,7047047047047 	 -0,991780946301582
4,71471471471471 	 -0,991700263003769
4,72472472472472 	 -0,99154708130806
4,73473473473473 	 -0,991321401214453
4,74474474474474 	 -0,991023222722948
4,75475475475475 	 -0,990652545833546
4,76476476476476 	 -0,990209370546247
4,77477477477477 	 -0,98969369686105
4,78478478478478 	 -0,989105524777956
4,79479479479479 	 -0,988444854296965
4,8048048048048 	 -0,987711685418076
4,81481481481481 	 -0,986906018141289
4,82482482482482 	 -0,986027852466606
4,83483483483483 	 -0,985077188394025
4,84484484484484 	 -0,984054025923546
4,85485485485485 	 -0,98295836505517
4,86486486486486 	 -0,981790205788897
4,87487487487487 	 -0,980549548124726
4,88488488488488 	 -0,979236392062658
4,89489489489489 	 -0,977850737602693
4,9049049049049 	 -0,97639258474483
4,91491491491491 	 -0,97486193348907
4,92492492492492 	 -0,973258783835412
4,93493493493493 	 -0,971583135783857
4,94494494494494 	 -0,969834989334404
4,95495495495495 	 -0,968014344487055
4,96496496496496 	 -0,966121201241807
4,97497497497497 	 -0,964155559598663
4,98498498498498 	 -0,962117419557621
4,99499499499499 	 -0,960006781118681
5,00500500500501 	 -0,95781824404457
5,01501501501502 	 -0,955519406911641
5,02502502502503 	 -0,953104869482621
5,03503503503504 	 -0,950574631757508
5,04504504504505 	 -0,947928693736304
5,05505505505506 	 -0,945167055419008
5,06506506506507 	 -0,942289716805619
5,07507507507508 	 -0,939296677896139
5,08508508508509 	 -0,936187938690567
5,0950950950951 	 -0,932963499188904
5,10510510510511 	 -0,929623359391148
5,11511511511512 	 -0,9261675192973
5,12512512512513 	 -0,922595978907361
5,13513513513514 	 -0,91890873822133
5,14514514514515 	 -0,915105797239206
5,15515515515516 	 -0,911187155960991
5,16516516516517 	 -0,907152814386684
5,17517517517518 	 -0,903002772516285
5,18518518518519 	 -0,898737030349794
5,1951951951952 	 -0,894355587887212
5,20520520520521 	 -0,889858445128537
5,21521521521522 	 -0,885245602073771
5,22522522522523 	 -0,880517058722912
5,23523523523524 	 -0,875672815075962
5,24524524524525 	 -0,87071287113292
5,25525525525526 	 -0,865637226893786
5,26526526526527 	 -0,86044588235856
5,27527527527528 	 -0,855138837527242
5,28528528528529 	 -0,849716092399832
5,2952952952953 	 -0,844177646976331
5,30530530530531 	 -0,838523501256737
5,31531531531532 	 -0,832753655241052
5,32532532532533 	 -0,826868108929275
5,33533533533534 	 -0,820866862321406
5,34534534534535 	 -0,814749915417445
5,35535535535536 	 -0,808517268217392
5,36536536536537 	 -0,802168920721247
5,37537537537538 	 -0,79570487292901
5,38538538538539 	 -0,789125124840682
5,3953953953954 	 -0,782429676456261
5,40540540540541 	 -0,775618527775749
5,41541541541542 	 -0,768691678799145
5,42542542542543 	 -0,761649129526449
5,43543543543544 	 -0,754490879957661
5,44544544544545 	 -0,747216930092781
5,45545545545546 	 -0,739827279931809
5,46546546546547 	 -0,732321929474745
5,47547547547548 	 -0,72470087872159
5,48548548548549 	 -0,716964127672342
5,4954954954955 	 -0,709111676327003
5,50550550550551 	 -0,701157580512699
5,51551551551552 	 -0,693171306218044
5,52552552552553 	 -0,685162262715743
5,53553553553554 	 -0,677130450005796
5,54554554554555 	 -0,669075868088202
5,55555555555556 	 -0,660998516962963
5,56556556556557 	 -0,652898396630078
5,57557557557558 	 -0,644775507089546
5,58558558558559 	 -0,636629848341369
5,5955955955956 	 -0,628461420385545
5,60560560560561 	 -0,620270223222075
5,61561561561562 	 -0,612056256850959
5,62562562562563 	 -0,603819521272197
5,63563563563564 	 -0,595560016485789
5,64564564564565 	 -0,587277742491735
5,65565565565566 	 -0,578972699290035
5,66566566566567 	 -0,570644886880689
5,67567567567568 	 -0,562294305263696
5,68568568568569 	 -0,553920954439058
5,6956956956957 	 -0,545524834406773
5,70570570570571 	 -0,537105945166843
5,71571571571572 	 -0,528664286719266
5,72572572572573 	 -0,520199859064043
5,73573573573574 	 -0,511712662201174
5,74574574574575 	 -0,503202696130659
5,75575575575576 	 -0,494669960852498
5,76576576576577 	 -0,486114456366691
5,77577577577578 	 -0,477536182673238
5,78578578578579 	 -0,468935139772139
5,7957957957958 	 -0,460311327663393
5,80580580580581 	 -0,451664746347002
5,81581581581582 	 -0,442995395822964
5,82582582582583 	 -0,434303276091281
5,83583583583584 	 -0,425588387151951
5,84584584584585 	 -0,416850729004975
5,85585585585586 	 -0,408090301650353
5,86586586586587 	 -0,399307105088085
5,87587587587588 	 -0,390501139318171
5,88588588588589 	 -0,381672404340611
5,8958958958959 	 -0,372820900155405
5,90590590590591 	 -0,363946626762553
5,91591591591592 	 -0,355049584162054
5,92592592592593 	 -0,34612977235391
5,93593593593594 	 -0,337187191338119
5,94594594594595 	 -0,328221841114682
5,95595595595596 	 -0,3192337216836
5,96596596596597 	 -0,310222833044871
5,97597597597598 	 -0,301189175198496
5,98598598598599 	 -0,292132748144475
5,995995995996 	 -0,283053551882808
6,00600600600601 	 -0,273949912461633
6,01601601601602 	 -0,264814948078852
6,02602602602603 	 -0,255647914755859
6,03603603603604 	 -0,246448812492655
6,04604604604605 	 -0,23721764128924
6,05605605605606 	 -0,227954401145612
6,06606606606607 	 -0,218659092061774
6,07607607607608 	 -0,209331714037724
6,08608608608609 	 -0,199972267073462
6,0960960960961 	 -0,190580751168989
6,10610610610611 	 -0,181157166324305
6,11611611611612 	 -0,171701512539409
6,12612612612613 	 -0,162213789814301
6,13613613613614 	 -0,152693998148982
6,14614614614615 	 -0,143142137543452
6,15615615615616 	 -0,13355820799771
6,16616616616617 	 -0,123942209511756
6,17617617617618 	 -0,114294142085592
6,18618618618619 	 -0,104614005719215
6,1961961961962 	 -0,0949018004126273
6,20620620620621 	 -0,0851575261658279
6,21621621621622 	 -0,0753811829788171
6,22622622622623 	 -0,0655727708515948
6,23623623623624 	 -0,055732289784161
6,24624624624625 	 -0,0458597397765157
6,25625625625626 	 -0,0359551208286589
6,26626626626627 	 -0,0260184329405907
6,27627627627628 	 -0,016049676112311
6,28628628628629 	 -0,00604885034381978
6,2962962962963 	 0,0039840443648829
6,30630630630631 	 0,0140490080137971
6,31631631631632 	 0,0241460406029228
6,32632632632633 	 0,0342751421322599
6,33633633633634 	 0,0444363126018085
6,34634634634635 	 0,0546295520115686
6,35635635635636 	 0,0648548603615402
6,36636636636637 	 0,0751122376517233
6,37637637637638 	 0,0854016838821178
6,38638638638639 	 0,0957231990527239
6,3963963963964 	 0,106076783163541
6,40640640640641 	 0,11646243621457
6,41641641641642 	 0,126880158205812
6,42642642642643 	 0,137329949137264
6,43643643643644 	 0,147811809008927
6,44644644644645 	 0,158325737820802
6,45645645645646 	 0,168871735572889
6,46646646646647 	 0,179449802265186
6,47647647647648 	 0,190059937897696
6,48648648648649 	 0,200702142470417
6,4964964964965 	 0,211376415983349
6,50650650650651 	 0,22206029044056
6,51651651651652 	 0,232676390850139
6,52652652652653 	 0,243218202822732
6,53653653653654 	 0,25368572635834
6,54654654654655 	 0,264078961456962
6,55655655655656 	 0,274397908118598
6,56656656656657 	 0,28464256634325
6,57657657657658 	 0,294812936130915
6,58658658658659 	 0,304909017481595
6,5965965965966 	 0,31493081039529
6,60660660660661 	 0,324878314871998
6,61661661661662 	 0,334751530911722
6,62662662662663 	 0,34455045851446
6,63663663663664 	 0,354275097680212
6,64664664664665 	 0,363925448408979
6,65665665665666 	 0,37350151070076
6,66666666666667 	 0,383003284555556
6,67667667667668 	 0,392430769973366
6,68668668668669 	 0,401783966954191
6,6966966966967 	 0,41106287549803
6,70670670670671 	 0,420267495604883
6,71671671671672 	 0,429397827274752
6,72672672672673 	 0,438453870507634
6,73673673673674 	 0,447435625303531
6,74674674674675 	 0,456343091662442
6,75675675675676 	 0,465176269584368
6,76676676676677 	 0,473935159069309
6,77677677677678 	 0,482619760117264
6,78678678678679 	 0,491230072728233
6,7967967967968 	 0,499766096902217
6,80680680680681 	 0,508227832639215
6,81681681681682 	 0,516615279939228
6,82682682682683 	 0,524928438802255
6,83683683683684 	 0,533167309228297
6,84684684684685 	 0,541331891217353
6,85685685685686 	 0,549422184769423
6,86686686686687 	 0,557438189884508
6,87687687687688 	 0,565379906562608
6,88688688688689 	 0,573247334803722
6,8968968968969 	 0,58104047460785
6,90690690690691 	 0,588759325974993
6,91691691691692 	 0,596403888905151
6,92692692692693 	 0,603974163398322
6,93693693693694 	 0,611470149454509
6,94694694694695 	 0,618891847073709
6,95695695695696 	 0,626239256255925
6,96696696696697 	 0,633512377001154
6,97697697697698 	 0,640711209309399
6,98698698698699 	 0,647835753180657
6,996996996997 	 0,65488600861493
7,00700700700701 	 0,661866786563498
7,01701701701702 	 0,668792028966802
7,02702702702703 	 0,675662619468956
7,03703703703704 	 0,682478558069959
7,04704704704705 	 0,689239844769812
7,05705705705706 	 0,695946479568515
7,06706706706707 	 0,702598462466067
7,07707707707708 	 0,709195793462469
7,08708708708709 	 0,71573847255772
7,0970970970971 	 0,722226499751821
7,10710710710711 	 0,728659875044772
7,11711711711712 	 0,735038598436572
7,12712712712713 	 0,741362669927222
7,13713713713714 	 0,747632089516721
7,14714714714715 	 0,75384685720507
7,15715715715716 	 0,760006972992269
7,16716716716717 	 0,766112436878317
7,17717717717718 	 0,772163248863215
7,18718718718719 	 0,778159408946962
7,1971971971972 	 0,784100917129559
7,20720720720721 	 0,789987773411006
7,21721721721722 	 0,795819977791302
7,22722722722723 	 0,801597530270448
7,23723723723724 	 0,807320430848443
7,24724724724725 	 0,812988679525288
7,25725725725726 	 0,818602276300983
7,26726726726727 	 0,824161221175527
7,27727727727728 	 0,829665514148921
7,28728728728729 	 0,835115155221164
7,2972972972973 	 0,840510144392257
7,30730730730731 	 0,8458504816622
7,31731731731732 	 0,851136167030992
7,32732732732733 	 0,856367200498634
7,33733733733734 	 0,861543582065125
7,34734734734735 	 0,866665311730466
7,35735735735736 	 0,871732389494657
7,36736736736737 	 0,876744815357697
7,37737737737738 	 0,881702589319587
7,38738738738739 	 0,886605711380326
7,3973973973974 	 0,891454181539915
7,40740740740741 	 0,896247999798354
7,41741741741742 	 0,900987166155642
7,42742742742743 	 0,90567168061178
7,43743743743744 	 0,910301543166767
7,44744744744745 	 0,914876753820604
7,45745745745746 	 0,919397312573291
7,46746746746747 	 0,923863219424827
7,47747747747748 	 0,928274474375213
7,48748748748749 	 0,932631077424449
7,4974974974975 	 0,936933028572533
7,50750750750751 	 0,941159293614543
7,51751751751752 	 0,945258455605102
7,52752752752753 	 0,94922817741033
7,53753753753754 	 0,953068459030228
7,54754754754755 	 0,956779300464796
7,55755755755756 	 0,960360701714033
7,56756756756757 	 0,96381266277794
7,57757757757758 	 0,967135183656516
7,58758758758759 	 0,970328264349762
7,5975975975976 	 0,973391904857677
7,60760760760761 	 0,976326105180262
7,61761761761762 	 0,979130865317517
7,62762762762763 	 0,981806185269441
7,63763763763764 	 0,984352065036034
7,64764764764765 	 0,986768504617297
7,65765765765766 	 0,989055504013229
7,66766766766767 	 0,991213063223832
7,67767767767768 	 0,993241182249103
7,68768768768769 	 0,995139861089044
7,6976976976977 	 0,996909099743655
7,70770770770771 	 0,998548898212935
7,71771771771772 	 1,00005925649688
7,72772772772773 	 1,0014401745955
7,73773773773774 	 1,00269165250879
7,74774774774775 	 1,00381369023675
7,75775775775776 	 1,00480628777938
7,76776776776777 	 1,00566944513668
7,77777777777778 	 1,00640316230864
7,78778778778779 	 1,00700743929528
7,7977977977978 	 1,00748227609658
7,80780780780781 	 1,00782767271256
7,81781781781782 	 1,0080436291432
7,82782782782783 	 1,00813014538852
7,83783783783784 	 1,0080872214485
7,84784784784785 	 1,00791485732316
7,85785785785786 	 1,00761305301248
7,86786786786787 	 1,00718180851647
7,87787787787788 	 1,00662112383513
7,88788788788789 	 1,00593099896846
7,8978978978979 	 1,00511143391647
7,90790790790791 	 1,00416242867914
7,91791791791792 	 1,00308398325648
7,92792792792793 	 1,00187609764849
7,93793793793794 	 1,00053877185517
7,94794794794795 	 0,999072005876514
7,95795795795796 	 0,997475799712533
7,96796796796797 	 0,99575015336322
7,97797797797798 	 0,993895066828577
7,98798798798799 	 0,991910540108604
7,997997997998 	 0,989796573203301
8,00800800800801 	 0,987573872896118
8,01801801801802 	 0,985285146927928
8,02802802802803 	 0,982931689472695
8,03803803803804 	 0,980513500530419
8,04804804804805 	 0,978030580101101
8,05805805805806 	 0,97548292818474
8,06806806806807 	 0,972870544781337
8,07807807807808 	 0,970193429890891
8,08808808808809 	 0,967451583513402
8,0980980980981 	 0,964645005648871
8,10810810810811 	 0,961773696297297
8,11811811811812 	 0,958837655458681
8,12812812812813 	 0,955836883133022
8,13813813813814 	 0,95277137932032
8,14814814814815 	 0,949641144020576
8,15815815815816 	 0,946446177233789
8,16816816816817 	 0,94318647895996
8,17817817817818 	 0,939862049199088
8,18818818818819 	 0,936472887951173
8,1981981981982 	 0,933018995216216
8,20820820820821 	 0,929500370994216
8,21821821821822 	 0,925917015285174
8,22822822822823 	 0,922268928089089
8,23823823823824 	 0,918556109405961
8,24824824824825 	 0,914778559235791
8,25825825825826 	 0,910936277578578
8,26826826826827 	 0,907029264434323
8,27827827827828 	 0,903057519803025
8,28828828828829 	 0,899021043684684
8,2982982982983 	 0,894919836079301
8,30830830830831 	 0,890753896986875
8,31831831831832 	 0,886523226407407
8,32832832832833 	 0,882227824340896
8,33833833833834 	 0,877867690787343
8,34834834834835 	 0,873442825746746
8,35835835835836 	 0,868953229219108
8,36836836836837 	 0,864398901204426
8,37837837837838 	 0,859779841702702
8,38838838838839 	 0,855096050713936
8,3983983983984 	 0,850347528238127
8,40840840840841 	 0,845534274275275
8,41841841841842 	 0,840656288825381
8,42842842842843 	 0,835713571888444
8,43843843843844 	 0,830706123464464
8,44844844844845 	 0,825633943553442
8,45845845845846 	 0,820497032155377
8,46846846846847 	 0,81529538927027
8,47847847847848 	 0,81002901489812
8,48848848848849 	 0,804697909038928
8,4984984984985 	 0,799302071692692
8,50850850850851 	 0,793831659415763
8,51851851851852 	 0,788269573908093
8,52852852852853 	 0,782615508626455
8,53853853853854 	 0,776869463570849
8,54854854854855 	 0,771031438741274
8,55855855855856 	 0,765101434137732
8,56856856856857 	 0,759079449760221
8,57857857857858 	 0,752965485608743
8,58858858858859 	 0,746759541683296
8,5985985985986 	 0,74046161798388
8,60860860860861 	 0,734071714510497
8,61861861861862 	 0,727589831263146
8,62862862862863 	 0,721015968241826
8,63863863863864 	 0,714350125446538
8,64864864864865 	 0,707592302877282
8,65865865865866 	 0,700742500534058
8,66866866866867 	 0,693800718416866
8,67867867867868 	 0,686766956525706
8,68868868868869 	 0,679641214860577
8,6986986986987 	 0,67242349342148
8,70870870870871 	 0,665113792208415
8,71871871871872 	 0,657712111221382
8,72872872872873 	 0,650218450460381
8,73873873873874 	 0,642632809925412
8,74874874874875 	 0,634955189616474
8,75875875875876 	 0,627185589533568
8,76876876876877 	 0,619324009676694
8,77877877877878 	 0,611370450045852
8,78878878878879 	 0,603324910641042
8,7987987987988 	 0,595187391462264
8,80880880880881 	 0,586957892509517
8,81881881881882 	 0,578636413782803
8,82882882882883 	 0,57022295528212
8,83883883883884 	 0,561717517007469
8,84884884884885 	 0,553120098958849
8,85885885885886 	 0,544430701136262
8,86886886886887 	 0,535649323539707
8,87887887887888 	 0,526775966169183
8,88888888888889 	 0,517810629024691
8,8988988988989 	 0,508753312106231
8,90890890890891 	 0,499604015413803
8,91891891891892 	 0,490362738947407
8,92892892892893 	 0,481029482707042
8,93893893893894 	 0,471604246692709
8,94894894894895 	 0,462087030904409
8,95895895895896 	 0,45247783534214
8,96896896896897 	 0,442776660005902
8,97897897897898 	 0,432983504895697
8,98898898898899 	 0,423098370011524
8,998998998999 	 0,413121255353382
9,00900900900901 	 0,403093907139599
9,01901901901902 	 0,393077140848723
9,02902902902903 	 0,383071471866167
9,03903903903904 	 0,37307690019193
9,04904904904905 	 0,363093425826013
9,05905905905906 	 0,353121048768415
9,06906906906907 	 0,343159769019136
9,07907907907908 	 0,333209586578176
9,08908908908909 	 0,323270501445536
9,0990990990991 	 0,313342513621215
9,10910910910911 	 0,303425623105214
9,11911911911912 	 0,293519829897532
9,12912912912913 	 0,283625133998169
9,13913913913914 	 0,273741535407125
9,14914914914915 	 0,263869034124401
9,15915915915916 	 0,254007630149996
9,16916916916917 	 0,244157323483911
9,17917917917918 	 0,234318114126145
9,18918918918919 	 0,224490002076698
9,1991991991992 	 0,21467298733557
9,20920920920921 	 0,204867069902762
9,21921921921922 	 0,195072249778273
9,22922922922923 	 0,185288526962104
9,23923923923924 	 0,175515901454254
9,24924924924925 	 0,165754373254723
9,25925925925926 	 0,156003942363511
9,26926926926927 	 0,146264608780619
9,27927927927928 	 0,136536372506046
9,28928928928929 	 0,126819233539793
9,2992992992993 	 0,117113191881859
9,30930930930931 	 0,107418247532244
9,31931931931932 	 0,0977344004909481
9,32932932932933 	 0,0880616507579719
9,33933933933934 	 0,078399998333315
9,34934934934935 	 0,0687494432169775
9,35935935935936 	 0,0591099854089593
9,36936936936937 	 0,0494816249092604
9,37937937937938 	 0,0398643617178808
9,38938938938939 	 0,0302581958348206
9,3993993993994 	 0,0206631272600796
9,40940940940941 	 0,011079155993658
9,41941941941942 	 0,00150628203555581
9,42942942942943 	 -0,0080554946142271
9,43943943943944 	 -0,0176061739556907
9,44944944944945 	 -0,0271457559888349
9,45945945945946 	 -0,0366742407136598
9,46946946946947 	 -0,0461916281301654
9,47947947947948 	 -0,0556979182383517
9,48948948948949 	 -0,0651931110382186
9,4994994994995 	 -0,0746772065297663
9,50950950950951 	 -0,0841535644686239
9,51951951951952 	 -0,0936262612341983
9,52952952952953 	 -0,103095306133292
9,53953953953954 	 -0,112560699165904
9,54954954954955 	 -0,122022440332035
9,55955955955956 	 -0,131480529631685
9,56956956956957 	 -0,140934967064854
9,57957957957958 	 -0,150385752631542
9,58958958958959 	 -0,159832886331748
9,5995995995996 	 -0,169276368165474
9,60960960960961 	 -0,178716198132718
9,61961961961962 	 -0,188152376233482
9,62962962962963 	 -0,197584902467764
9,63963963963964 	 -0,207013776835565
9,64964964964965 	 -0,216438999336886
9,65965965965966 	 -0,225860569971725
9,66966966966967 	 -0,235278488740083
9,67967967967968 	 -0,244692755641959
9,68968968968969 	 -0,254103370677355
9,6996996996997 	 -0,26351033384627
9,70970970970971 	 -0,272913645148703
9,71971971971972 	 -0,282313304584656
9,72972972972973 	 -0,291709312154127
9,73973973973974 	 -0,301101667857117
9,74974974974975 	 -0,310490371693627
9,75975975975976 	 -0,319875423663655
9,76976976976977 	 -0,329256823767202
9,77977977977978 	 -0,338634572004268
9,78978978978979 	 -0,348008668374852
9,7997997997998 	 -0,357379112878956
9,80980980980981 	 -0,366745905516579
9,81981981981982 	 -0,37610904628772
9,82982982982983 	 -0,385468535192381
9,83983983983984 	 -0,39482437223056
9,84984984984985 	 -0,404176557402258
9,85985985985986 	 -0,413525090707475
9,86986986986987 	 -0,422869972146211
9,87987987987988 	 -0,432211201718466
9,88988988988989 	 -0,44154877942424
9,8998998998999 	 -0,450882705263533
9,90990990990991 	 -0,460212979236344
9,91991991991992 	 -0,469539601342675
9,92992992992993 	 -0,478862571582524
9,93993993993994 	 -0,488181889955893
9,94994994994995 	 -0,49749755646278
9,95995995995996 	 -0,506809571103186
9,96996996996997 	 -0,516117933877111
9,97997997997998 	 -0,525422644784555
9,98998998998999 	 -0,534723703825518
10 	 -0,544021111
