0 	 0,949739662
0,01001001001001 	 0,950104483461463
0,02002002002002 	 0,950469304922924
0,03003003003003 	 0,950834126384387
0,04004004004004 	 0,951198947845847
0,05005005005005 	 0,951563769307308
0,0600600600600601 	 0,951928590768768
0,0700700700700701 	 0,952293412230236
0,0800800800800801 	 0,952658233691693
0,0900900900900901 	 0,95302305515315
0,1001001001001 	 0,953387876614614
0,11011011011011 	 0,953752698076078
0,12012012012012 	 0,954117519537542
0,13013013013013 	 0,954482340998999
0,14014014014014 	 0,954847162460457
0,15015015015015 	 0,955211983921928
0,16016016016016 	 0,955576805383385
0,17017017017017 	 0,955941626844842
0,18018018018018 	 0,956306448306299
0,19019019019019 	 0,95667126976777
0,2002002002002 	 0,957036091229227
0,21021021021021 	 0,957400912690684
0,22022022022022 	 0,957765734152155
0,23023023023023 	 0,958130555613612
0,24024024024024 	 0,958495377075069
0,25025025025025 	 0,958860198536526
0,26026026026026 	 0,959225019997997
0,27027027027027 	 0,959589841459441
0,28028028028028 	 0,959954662920925
0,29029029029029 	 0,960319484382383
0,3003003003003 	 0,960684305843867
0,31031031031031 	 0,961049127305325
0,32032032032032 	 0,961413948766782
0,33033033033033 	 0,961778770228239
0,34034034034034 	 0,962143591689668
0,35035035035035 	 0,962508413151153
0,36036036036036 	 0,96287323461261
0,37037037037037 	 0,963238056074067
0,38038038038038 	 0,963602877535552
0,39039039039039 	 0,963967698997009
0,4004004004004 	 0,964332520458494
0,41041041041041 	 0,964697341919923
0,42042042042042 	 0,965062163381381
0,43043043043043 	 0,965426984842838
0,44044044044044 	 0,965791806304295
0,45045045045045 	 0,966156627765752
0,46046046046046 	 0,966521449227237
0,47047047047047 	 0,966886270688694
0,48048048048048 	 0,967251092150179
0,49049049049049 	 0,967615913611636
0,500500500500501 	 0,967411143364821
0,510510510510511 	 0,957709633855858
0,520520520520521 	 0,947945005147166
0,530530530530531 	 0,938180376438447
0,540540540540541 	 0,928415747729727
0,550550550550551 	 0,918651119021008
0,560560560560561 	 0,908886490312288
0,570570570570571 	 0,899121861603625
0,580580580580581 	 0,889357232894905
0,590590590590591 	 0,879592604186186
0,600600600600601 	 0,869827975477466
0,610610610610611 	 0,860063346768802
0,620620620620621 	 0,850298718060083
0,630630630630631 	 0,840534089351364
0,640640640640641 	 0,830769460642644
0,650650650650651 	 0,821004831933925
0,660660660660661 	 0,811240203225205
0,670670670670671 	 0,801475574516541
0,680680680680681 	 0,791710945807766
0,690690690690691 	 0,781946317099103
0,700700700700701 	 0,772181688390383
0,710710710710711 	 0,762417059681664
0,720720720720721 	 0,752652430973
0,730730730730731 	 0,74288780226428
0,740740740740741 	 0,733123173555561
0,750750750750751 	 0,723358544846842
0,760760760760761 	 0,713593916138178
0,770770770770771 	 0,703829287429458
0,780780780780781 	 0,694064658720739
0,790790790790791 	 0,684300030012019
0,800800800800801 	 0,6745354013033
0,810810810810811 	 0,664770772594581
0,820820820820821 	 0,655006143885861
0,830830830830831 	 0,645241515177197
0,840840840840841 	 0,635476886468533
0,850850850850851 	 0,625712257759758
0,860860860860861 	 0,615947629051039
0,870870870870871 	 0,606183000342375
0,880880880880881 	 0,5964183716336
0,890890890890891 	 0,586653742924936
0,900900900900901 	 0,576889114216217
0,910910910910911 	 0,567124485507497
0,920920920920921 	 0,557359856798778
0,930930930930931 	 0,547595228090059
0,940940940940941 	 0,537830599381339
0,950950950950951 	 0,52806597067262
0,960960960960961 	 0,518301341963956
0,970970970970971 	 0,508536713255292
0,980980980980981 	 0,498772084546573
0,990990990990991 	 0,489007455837853
1,001001001001 	 0,479545931497516
1,01101101101101 	 0,472812346472395
1,02102102102102 	 0,466078761447442
1,03103103103103 	 0,459345176422377
1,04104104104104 	 0,452611591397367
1,05105105105105 	 0,445878006372358
1,06106106106106 	 0,439144421347293
1,07107107107107 	 0,432410836322283
1,08108108108108 	 0,425677251297274
1,09109109109109 	 0,418943666272209
1,1011011011011 	 0,412210081247255
1,11111111111111 	 0,405476496222246
1,12112112112112 	 0,398742911197125
1,13113113113113 	 0,392009326172171
1,14114114114114 	 0,385275741147051
1,15115115115115 	 0,378542156122097
1,16116116116116 	 0,371808571097088
1,17117117117117 	 0,365074986072023
1,18118118118118 	 0,358341401047013
1,19119119119119 	 0,351607816021948
1,2012012012012 	 0,344874230996939
1,21121121121121 	 0,338140645971929
1,22122122122122 	 0,331407060946975
1,23123123123123 	 0,324673475921855
1,24124124124124 	 0,317939890896846
1,25125125125125 	 0,311206305871781
1,26126126126126 	 0,304472720846827
1,27127127127127 	 0,297739135821817
1,28128128128128 	 0,291005550796752
1,29129129129129 	 0,284271965771743
1,3013013013013 	 0,277538380746678
1,31131131131131 	 0,270804795721724
1,32132132132132 	 0,264071210696659
1,33133133133133 	 0,25733762567165
1,34134134134134 	 0,25060404064664
1,35135135135135 	 0,24387045562152
1,36136136136136 	 0,237136870596621
1,37137137137137 	 0,230403285571557
1,38138138138138 	 0,223669700546547
1,39139139139139 	 0,216936115521538
1,4014014014014 	 0,210202530496362
1,41141141141141 	 0,203468945471352
1,42142142142142 	 0,196735360446454
1,43143143143143 	 0,190001775421444
1,44144144144144 	 0,18326819039638
1,45145145145145 	 0,176534605371259
1,46146146146146 	 0,16980102034625
1,47147147147147 	 0,163067435321296
1,48148148148148 	 0,156333850296342
1,49149149149149 	 0,149600265271221
1,5015015015015 	 0,141953163417363
1,51151151151151 	 0,129129466200195
1,52152152152152 	 0,116305768982916
1,53153153153153 	 0,103482071765693
1,54154154154154 	 0,090658374548469
1,55155155155155 	 0,0778346773312455
1,56156156156156 	 0,065010980114133
1,57157157157157 	 0,0521872828969094
1,58158158158158 	 0,0393635856796859
1,59159159159159 	 0,0265398884624624
1,6016016016016 	 0,0137161912452388
1,61161161161161 	 0,000892494028015278
1,62162162162162 	 -0,0119312031892083
1,63163163163163 	 -0,0247549004063208
1,64164164164164 	 -0,0375785976236553
1,65165165165165 	 -0,0504022948408789
1,66166166166166 	 -0,0632259920579914
1,67167167167167 	 -0,076049689275326
1,68168168168168 	 -0,0888733864924385
1,69169169169169 	 -0,101697083709773
1,7017017017017 	 -0,114520780926886
1,71171171171171 	 -0,127344478144109
1,72172172172172 	 -0,140168175361333
1,73173173173173 	 -0,152991872578556
1,74174174174174 	 -0,16581556979578
1,75175175175175 	 -0,178639267013003
1,76176176176176 	 -0,191462964230227
1,77177177177177 	 -0,204286661447395
1,78178178178178 	 -0,217110358664674
1,79179179179179 	 -0,229934055881897
1,8018018018018 	 -0,242757753099065
1,81181181181181 	 -0,255581450316289
1,82182182182182 	 -0,268405147533513
1,83183183183183 	 -0,281228844750625
1,84184184184184 	 -0,29405254196796
1,85185185185185 	 -0,306876239185128
1,86186186186186 	 -0,319699936402351
1,87187187187187 	 -0,332523633619575
1,88188188188188 	 -0,345347330836798
1,89189189189189 	 -0,358171028054022
1,9019019019019 	 -0,370994725271245
1,91191191191191 	 -0,383818422488413
1,92192192192192 	 -0,396642119705692
1,93193193193193 	 -0,409465816922916
1,94194194194194 	 -0,422289514140084
1,95195195195195 	 -0,435113211357308
1,96196196196196 	 -0,447936908574531
1,97197197197197 	 -0,46076060579181
1,98198198198198 	 -0,473584303008978
1,99199199199199 	 -0,486408000226146
2,002002002002 	 -0,497667827733639
2,01201201201201 	 -0,502672176402374
2,02202202202202 	 -0,507676525070999
2,03203203203203 	 -0,512680873739679
2,04204204204204 	 -0,517685222408359
2,05205205205205 	 -0,522689571076984
2,06206206206206 	 -0,52769391974572
2,07207207207207 	 -0,532698268414344
2,08208208208208 	 -0,537702617083025
2,09209209209209 	 -0,542706965751705
2,1021021021021 	 -0,547711314420385
2,11211211211211 	 -0,55271566308901
2,12212212212212 	 -0,55772001175769
2,13213213213213 	 -0,56272436042637
2,14214214214214 	 -0,567728709094995
2,15215215215215 	 -0,572733057763675
2,16216216216216 	 -0,57773740643241
2,17217217217217 	 -0,582741755101035
2,18218218218218 	 -0,587746103769715
2,19219219219219 	 -0,592750452438395
2,2022022022022 	 -0,597754801107131
2,21221221221221 	 -0,6027591497757
2,22222222222222 	 -0,60776349844438
2,23223223223223 	 -0,61276784711306
2,24224224224224 	 -0,617772195781741
2,25225225225225 	 -0,622776544450421
2,26226226226226 	 -0,627780893119045
2,27227227227227 	 -0,632785241787781
2,28228228228228 	 -0,637789590456406
2,29229229229229 	 -0,64279393912503
2,3023023023023 	 -0,647798287793766
2,31231231231231 	 -0,652802636462335
2,32232232232232 	 -0,657806985131015
2,33233233233233 	 -0,662811333799695
2,34234234234234 	 -0,667815682468431
2,35235235235235 	 -0,672820031137056
2,36236236236236 	 -0,677824379805736
2,37237237237237 	 -0,682828728474472
2,38238238238238 	 -0,687833077143041
2,39239239239239 	 -0,692837425811721
2,4024024024024 	 -0,697841774480401
2,41241241241241 	 -0,702846123149137
2,42242242242242 	 -0,707850471817706
2,43243243243243 	 -0,712854820486386
2,44244244244244 	 -0,717859169155122
2,45245245245245 	 -0,722863517823746
2,46246246246246 	 -0,727867866492427
2,47247247247247 	 -0,732872215161051
2,48248248248248 	 -0,737876563829731
2,49249249249249 	 -0,742880912498411
2,5025025025025 	 -0,748316557363238
2,51251251251251 	 -0,75504609081678
2,52252252252252 	 -0,761775624270156
2,53253253253253 	 -0,768505157723698
2,54254254254254 	 -0,775234691177074
2,55255255255255 	 -0,78196422463056
2,56256256256256 	 -0,788693758083991
2,57257257257257 	 -0,795423291537478
2,58258258258258 	 -0,802152824990854
2,59259259259259 	 -0,808882358444341
2,6026026026026 	 -0,815611891897827
2,61261261261261 	 -0,822341425351258
2,62262262262262 	 -0,829070958804745
2,63263263263263 	 -0,835800492258149
2,64264264264264 	 -0,842530025711635
2,65265265265265 	 -0,849259559165066
2,66266266266266 	 -0,855989092618525
2,67267267267267 	 -0,862718626071984
2,68268268268268 	 -0,869448159525416
2,69269269269269 	 -0,876177692978874
2,7027027027027 	 -0,882907226432306
2,71271271271271 	 -0,889636759885792
2,72272272272272 	 -0,896366293339196
2,73273273273273 	 -0,90309582679271
2,74274274274274 	 -0,909825360246114
2,75275275275275 	 -0,916554893699628
2,76276276276276 	 -0,923284427153032
2,77277277277277 	 -0,930013960606518
2,78278278278278 	 -0,936743494059977
2,79279279279279 	 -0,943473027513408
2,8028028028028 	 -0,950202560966867
2,81281281281281 	 -0,956932094420299
2,82282282282282 	 -0,963661627873758
2,83283283283283 	 -0,970391161327216
2,84284284284284 	 -0,977120694780675
2,85285285285285 	 -0,983850228234134
2,86286286286286 	 -0,990579761687593
2,87287287287287 	 -0,997309295141052
2,88288288288288 	 -1,00403882859448
2,89289289289289 	 -1,01076836204794
2,9029029029029 	 -1,01749789550139
2,91291291291291 	 -1,02422742895485
2,92292292292292 	 -1,03095696240829
2,93293293293293 	 -1,03768649586175
2,94294294294294 	 -1,04441602931518
2,95295295295295 	 -1,05114556276864
2,96296296296296 	 -1,0578750962221
2,97297297297297 	 -1,06460462967556
2,98298298298298 	 -1,071334163129
2,99299299299299 	 -1,07806369658248
3,003003003003 	 -1,08158556642031
3,01301301301301 	 -1,07762288782169
3,02302302302302 	 -1,07366020922311
3,03303303303303 	 -1,06969753062452
3,04304304304304 	 -1,06573485202591
3,05305305305305 	 -1,06177217342731
3,06306306306306 	 -1,05780949482871
3,07307307307307 	 -1,05384681623011
3,08308308308308 	 -1,04988413763152
3,09309309309309 	 -1,04592145903291
3,1031031031031 	 -1,04195878043433
3,11311311311311 	 -1,03799610183572
3,12312312312312 	 -1,03403342323712
3,13313313313313 	 -1,03007074463853
3,14314314314314 	 -1,02610806603993
3,15315315315315 	 -1,02214538744132
3,16316316316316 	 -1,01818270884273
3,17317317317317 	 -1,01422003024414
3,18318318318318 	 -1,01025735164553
3,19319319319319 	 -1,00629467304693
3,2032032032032 	 -1,00233199444834
3,21321321321321 	 -0,998369315849741
3,22322322322322 	 -0,994406637251151
3,23323323323323 	 -0,990443958652533
3,24324324324324 	 -0,986481280053936
3,25325325325325 	 -0,982518601455339
3,26326326326326 	 -0,978555922856769
3,27327327327327 	 -0,974593244258165
3,28328328328328 	 -0,970630565659547
3,29329329329329 	 -0,966667887060943
3,3033033033033 	 -0,962705208462353
3,31331331331331 	 -0,958742529863749
3,32332332332332 	 -0,954779851265145
3,33333333333333 	 -0,950817172666582
3,34334334334334 	 -0,946854494067978
3,35335335335335 	 -0,942891815469346
3,36336336336336 	 -0,938929136870756
3,37337337337337 	 -0,934966458272166
3,38338338338338 	 -0,931003779673562
3,39339339339339 	 -0,927041101074971
3,4034034034034 	 -0,923078422476353
3,41341341341341 	 -0,919115743877763
3,42342342342342 	 -0,915153065279173
3,43343343343343 	 -0,911190386680583
3,44344344344344 	 -0,907227708081965
3,45345345345345 	 -0,903265029483402
3,46346346346346 	 -0,899302350884784
3,47347347347347 	 -0,895339672286166
3,48348348348348 	 -0,891376993687576
3,49349349349349 	 -0,887414315088986
3,5035035035035 	 -0,883818353219129
3,51351351351351 	 -0,880903436702607
3,52352352352352 	 -0,877988520186085
3,53353353353353 	 -0,875073603669563
3,54354354354354 	 -0,872158687153041
3,55355355355355 	 -0,869243770636546
3,56356356356356 	 -0,866328854120024
3,57357357357357 	 -0,863413937603474
3,58358358358358 	 -0,860499021087008
3,59359359359359 	 -0,857584104570486
3,6036036036036 	 -0,854669188053936
3,61361361361361 	 -0,851754271537442
3,62362362362362 	 -0,848839355020947
3,63363363363363 	 -0,845924438504425
3,64364364364364 	 -0,843009521987903
3,65365365365365 	 -0,840094605471381
3,66366366366366 	 -0,837179688954859
3,67367367367367 	 -0,834264772438364
3,68368368368368 	 -0,831349855921815
3,69369369369369 	 -0,82843493940532
3,7037037037037 	 -0,82552002288877
3,71371371371371 	 -0,822605106372276
3,72372372372372 	 -0,819690189855782
3,73373373373373 	 -0,816775273339232
3,74374374374374 	 -0,813860356822738
3,75375375375375 	 -0,810945440306188
3,76376376376376 	 -0,808030523789749
3,77377377377377 	 -0,805115607273199
3,78378378378378 	 -0,802200690756649
3,79379379379379 	 -0,799285774240155
3,8038038038038 	 -0,796370857723661
3,81381381381381 	 -0,793455941207111
3,82382382382382 	 -0,790541024690616
3,83383383383383 	 -0,787626108174067
3,84384384384384 	 -0,784711191657572
3,85385385385385 	 -0,781796275141022
3,86386386386386 	 -0,778881358624584
3,87387387387387 	 -0,775966442108034
3,88388388388388 	 -0,773051525591539
3,89389389389389 	 -0,770136609074989
3,9039039039039 	 -0,767221692558495
3,91391391391391 	 -0,764306776041945
3,92392392392392 	 -0,761391859525451
3,93393393393393 	 -0,758476943008901
3,94394394394394 	 -0,755562026492407
3,95395395395395 	 -0,752647109975912
3,96396396396396 	 -0,749732193459363
3,97397397397397 	 -0,746817276942868
3,98398398398398 	 -0,743902360426374
3,99399399399399 	 -0,740987443909824
4,004004004004 	 -0,734469192731013
4,01401401401401 	 -0,722545939557728
4,02402402402402 	 -0,710622686384665
4,03403403403403 	 -0,698699433211436
4,04404404404404 	 -0,686776180038207
4,05405405405405 	 -0,674852926865144
4,06406406406406 	 -0,66292967369197
4,07407407407407 	 -0,651006420518685
4,08408408408408 	 -0,639083167345622
4,09409409409409 	 -0,627159914172337
4,1041041041041 	 -0,615236660999219
4,11411411411411 	 -0,603313407826045
4,12412412412412 	 -0,591390154652816
4,13413413413413 	 -0,579466901479697
4,14414414414414 	 -0,567543648306468
4,15415415415415 	 -0,555620395133294
4,16416416416416 	 -0,543697141960175
4,17417417417417 	 -0,531773888787002
4,18418418418418 	 -0,519850635613772
4,19419419419419 	 -0,507927382440654
4,2042042042042 	 -0,496004129267424
4,21421421421421 	 -0,484080876094306
4,22422422422422 	 -0,472157622921077
4,23423423423423 	 -0,460234369747903
4,24424424424424 	 -0,448311116574729
4,25425425425425 	 -0,436387863401555
4,26426426426426 	 -0,424464610228326
4,27427427427427 	 -0,412541357055207
4,28428428428428 	 -0,400618103882033
4,29429429429429 	 -0,388694850708748
4,3043043043043 	 -0,37677159753563
4,31431431431431 	 -0,364848344362456
4,32432432432432 	 -0,352925091189338
4,33433433433433 	 -0,341001838016164
4,34434434434434 	 -0,329078584842935
4,35435435435435 	 -0,317155331669816
4,36436436436436 	 -0,305232078496698
4,37437437437437 	 -0,293308825323468
4,38438438438438 	 -0,281385572150239
4,39439439439439 	 -0,269462318977065
4,4044044044044 	 -0,257539065803891
4,41441441441441 	 -0,245615812630606
4,42442442442442 	 -0,233692559457432
4,43443443443443 	 -0,22176930628437
4,44444444444444 	 -0,20984605311114
4,45445445445445 	 -0,197922799938022
4,46446446446446 	 -0,185999546764848
4,47447447447447 	 -0,174076293591729
4,48448448448448 	 -0,162153040418445
4,49449449449449 	 -0,150229787245326
4,5045045045045 	 -0,14041283252253
4,51451451451451 	 -0,133170242572644
4,52452452452452 	 -0,125927652622648
4,53453453453453 	 -0,118685062672763
4,54454454454454 	 -0,111442472722767
4,55455455455455 	 -0,104199882772882
4,56456456456456 	 -0,0969572928228302
4,57457457457457 	 -0,089714702872945
4,58458458458458 	 -0,0824721129228934
4,59459459459459 	 -0,0752295229730082
4,6046046046046 	 -0,0679869330230676
4,61461461461461 	 -0,0607443430731269
4,62462462462462 	 -0,0535017531231308
4,63463463463463 	 -0,0462591631731901
4,64464464464464 	 -0,039016573223194
4,65465465465465 	 -0,0317739832732533
4,66466466466466 	 -0,0245313933233127
4,67467467467467 	 -0,0172888033733165
4,68468468468468 	 -0,0100462134234314
4,69469469469469 	 -0,00280362347343521
4,7047047047047 	 0,00443896647650543
4,71471471471471 	 0,0116815564263351
4,72472472472472 	 0,0189241463764422
4,73473473473473 	 0,0261667363263829
4,74474474474474 	 0,0334093262763235
4,75475475475475 	 0,0406519162261532
4,76476476476476 	 0,0478945061762048
4,77477477477477 	 0,0551370961261455
4,78478478478478 	 0,0623796860760861
4,79479479479479 	 0,0696222760259713
4,8048048048048 	 0,0768648659760229
4,81481481481481 	 0,0841074559259636
4,82482482482482 	 0,0913500458759597
4,83483483483483 	 0,0985926358257894
4,84484484484484 	 0,105835225775841
4,85485485485485 	 0,113077815725782
4,86486486486486 	 0,120320405675778
4,87487487487487 	 0,127562995625718
4,88488488488488 	 0,134805585575659
4,89489489489489 	 0,1420481755256
4,9049049049049 	 0,14929076547554
4,91491491491491 	 0,156533355425481
4,92492492492492 	 0,163775945375422
4,93493493493493 	 0,171018535325418
4,94494494494494 	 0,178261125275303
4,95495495495495 	 0,185503715225299
4,96496496496496 	 0,19274630517524
4,97497497497497 	 0,19998889512518
4,98498498498498 	 0,207231485075066
4,99499499499499 	 0,214474075025117
5,00500500500501 	 0,223874599789842
5,01501501501502 	 0,235433059369516
5,02502502502503 	 0,246991518949025
5,03503503503504 	 0,258549978528588
5,04504504504505 	 0,270108438108263
5,05505505505506 	 0,281666897687771
5,06506506506507 	 0,29322535726739
5,07507507507508 	 0,304783816846954
5,08508508508509 	 0,316342276426518
5,0950950950951 	 0,327900736006081
5,10510510510511 	 0,339459195585701
5,11511511511512 	 0,35101765516532
5,12512512512513 	 0,362576114744828
5,13513513513514 	 0,374134574324392
5,14514514514515 	 0,385693033904067
5,15515515515516 	 0,39725149348363
5,16516516516517 	 0,408809953063194
5,17517517517518 	 0,420368412642813
5,18518518518519 	 0,431926872222321
5,1951951951952 	 0,44348533180194
5,20520520520521 	 0,455043791381504
5,21521521521522 	 0,466602250961123
5,22522522522523 	 0,478160710540743
5,23523523523524 	 0,489719170120251
5,24524524524525 	 0,50127762969987
5,25525525525526 	 0,512836089279434
5,26526526526527 	 0,524394548858997
5,27527527527528 	 0,535953008438672
5,28528528528529 	 0,547511468018236
5,2952952952953 	 0,559069927597799
5,30530530530531 	 0,570628387177419
5,31531531531532 	 0,582186846756927
5,32532532532533 	 0,593745306336491
5,33533533533534 	 0,605303765916165
5,34534534534535 	 0,616862225495729
5,35535535535536 	 0,628420685075237
5,36536536536537 	 0,639979144654856
5,37537537537538 	 0,651537604234476
5,38538538538539 	 0,663096063814039
5,3953953953954 	 0,674654523393603
5,40540540540541 	 0,686212982973222
5,41541541541542 	 0,69777144255273
5,42542542542543 	 0,70932990213235
5,43543543543544 	 0,720888361711913
5,44544544544545 	 0,732446821291532
5,45545545545546 	 0,744005280871152
5,46546546546547 	 0,755563740450715
5,47547547547548 	 0,767122200030279
5,48548548548549 	 0,778680659609843
5,4954954954955 	 0,790239119189462
5,50550550550551 	 0,796691480114298
5,51551551551552 	 0,798966123958189
5,52552552552553 	 0,801240767802081
5,53553553553554 	 0,803515411645916
5,54554554554555 	 0,805790055489752
5,55555555555556 	 0,808064699333644
5,56556556556557 	 0,81033934317748
5,57557557557558 	 0,812613987021316
5,58558558558559 	 0,814888630865152
5,5955955955956 	 0,817163274708932
5,60560560560561 	 0,819437918552823
5,61561561561562 	 0,821712562396659
5,62562562562563 	 0,823987206240495
5,63563563563564 	 0,826261850084387
5,64564564564565 	 0,828536493928222
5,65565565565566 	 0,830811137772058
5,66566566566567 	 0,833085781615894
5,67567567567568 	 0,83536042545973
5,68568568568569 	 0,837635069303622
5,6956956956957 	 0,839909713147458
5,70570570570571 	 0,842184356991349
5,71571571571572 	 0,844459000835129
5,72572572572573 	 0,846733644678965
5,73573573573574 	 0,849008288522801
5,74574574574575 	 0,851282932366693
5,75575575575576 	 0,853557576210501
5,76576576576577 	 0,855832220054337
5,77577577577578 	 0,858106863898173
5,78578578578579 	 0,860381507742036
5,7957957957958 	 0,862656151585844
5,80580580580581 	 0,864930795429736
5,81581581581582 	 0,867205439273572
5,82582582582583 	 0,86948008311738
5,83583583583584 	 0,871754726961271
5,84584584584585 	 0,874029370805107
5,85585585585586 	 0,876304014648943
5,86586586586587 	 0,878578658492807
5,87587587587588 	 0,880853302336615
5,88588588588589 	 0,883127946180479
5,8958958958959 	 0,885402590024315
5,90590590590591 	 0,887677233868178
5,91591591591592 	 0,889951877712014
5,92592592592593 	 0,892226521555822
5,93593593593594 	 0,894501165399714
5,94594594594595 	 0,89677580924355
5,95595595595596 	 0,899050453087413
5,96596596596597 	 0,901325096931249
5,97597597597598 	 0,903599740775057
5,98598598598599 	 0,905874384618949
5,995995995996 	 0,908149028462757
6,00600600600601 	 0,910981098276586
6,01601601601602 	 0,914184785403699
6,02602602602603 	 0,917388472530867
6,03603603603604 	 0,920592159657965
6,04604604604605 	 0,923795846785092
6,05605605605606 	 0,926999533912204
6,06606606606607 	 0,930203221039358
6,07607607607608 	 0,93340690816647
6,08608608608609 	 0,93661059529361
6,0960960960961 	 0,939814282420723
6,10610610610611 	 0,943017969547849
6,11611611611612 	 0,946221656674975
6,12612612612613 	 0,949425343802116
6,13613613613614 	 0,95262903092927
6,14614614614615 	 0,955832718056382
6,15615615615616 	 0,959036405183494
6,16616616616617 	 0,962240092310634
6,17617617617618 	 0,965443779437761
6,18618618618619 	 0,968647466564894
6,1961961961962 	 0,97185115369202
6,20620620620621 	 0,975054840819146
6,21621621621622 	 0,978258527946266
6,22622622622623 	 0,981462215073406
6,23623623623624 	 0,984665902200532
6,24624624624625 	 0,987869589327658
6,25625625625626 	 0,991073276454788
6,26626626626627 	 0,994276963581914
6,27627627627628 	 0,99748065070903
6,28628628628629 	 1,00068433783616
6,2962962962963 	 1,00388802496331
6,30630630630631 	 1,00709171209044
6,31631631631632 	 1,01029539921754
6,32632632632633 	 1,01349908634467
6,33633633633634 	 1,01670277347179
6,34634634634635 	 1,01990646059895
6,35635635635636 	 1,02311014772608
6,36636636636637 	 1,02631383485318
6,37637637637638 	 1,02951752198031
6,38638638638639 	 1,03272120910744
6,3963963963964 	 1,03592489623459
6,40640640640641 	 1,03912858336173
6,41641641641642 	 1,04233227048883
6,42642642642643 	 1,04553595761597
6,43643643643644 	 1,04873964474311
6,44644644644645 	 1,05194333187021
6,45645645645646 	 1,05514701899734
6,46646646646647 	 1,05835070612446
6,47647647647648 	 1,06155439325162
6,48648648648649 	 1,06475808037876
6,4964964964965 	 1,06796176750587
6,50650650650651 	 1,06425913834471
6,51651651651652 	 1,05683772348984
6,52652652652653 	 1,04941630863498
6,53653653653654 	 1,04199489378012
6,54654654654655 	 1,03457347892527
6,55655655655656 	 1,02715206407042
6,56656656656657 	 1,01973064921557
6,57657657657658 	 1,01230923436069
6,58658658658659 	 1,00488781950583
6,5965965965966 	 0,99746640465101
6,60660660660661 	 0,990044989796157
6,61661661661662 	 0,982623574941277
6,62662662662663 	 0,975202160086397
6,63663663663664 	 0,967780745231572
6,64664664664665 	 0,960359330376692
6,65665665665666 	 0,95293791552184
6,66666666666667 	 0,94551650066696
6,67667667667668 	 0,938095085812135
6,68668668668669 	 0,930673670957283
6,6966966966967 	 0,923252256102403
6,70670670670671 	 0,91583084124755
6,71671671671672 	 0,908409426392698
6,72672672672673 	 0,900988011537845
6,73673673673674 	 0,893566596682993
6,74674674674675 	 0,886145181828141
6,75675675675676 	 0,878723766973261
6,76676676676677 	 0,871302352118408
6,77677677677678 	 0,863880937263556
6,78678678678679 	 0,856459522408676
6,7967967967968 	 0,849038107553851
6,80680680680681 	 0,841616692698999
6,81681681681682 	 0,834195277844119
6,82682682682683 	 0,826773862989238
6,83683683683684 	 0,819352448134358
6,84684684684685 	 0,811931033279534
6,85685685685686 	 0,804509618424765
6,86686686686687 	 0,797088203569885
6,87687687687688 	 0,789666788715004
6,88688688688689 	 0,782245373860124
6,8968968968969 	 0,774823959005244
6,90690690690691 	 0,76740254415042
6,91691691691692 	 0,759981129295539
6,92692692692693 	 0,752559714440715
6,93693693693694 	 0,745138299585835
6,94694694694695 	 0,73771688473101
6,95695695695696 	 0,73029546987613
6,96696696696697 	 0,722874055021305
6,97697697697698 	 0,71545264016637
6,98698698698699 	 0,708031225311545
6,996996996997 	 0,700609810456665
7,00700700700701 	 0,694561578552799
7,01701701701702 	 0,689101853627916
7,02702702702703 	 0,683642128702922
7,03703703703704 	 0,678182403777983
7,04704704704705 	 0,672722678853099
7,05705705705706 	 0,66726295392816
7,06706706706707 	 0,661803229003277
7,07707707707708 	 0,656343504078283
7,08708708708709 	 0,650883779153344
7,0970970970971 	 0,645424054228461
7,10710710710711 	 0,639964329303577
7,11711711711712 	 0,634504604378638
7,12712712712713 	 0,629044879453644
7,13713713713714 	 0,623585154528705
7,14714714714715 	 0,618125429603822
7,15715715715716 	 0,612665704678883
7,16716716716717 	 0,607205979754
7,17717717717718 	 0,601746254829005
7,18718718718719 	 0,596286529904066
7,1971971971972 	 0,590826804979183
7,20720720720721 	 0,585367080054189
7,21721721721722 	 0,579907355129361
7,22722722722723 	 0,574447630204367
7,23723723723724 	 0,568987905279539
7,24724724724725 	 0,563528180354489
7,25725725725726 	 0,55806845542955
7,26726726726727 	 0,552608730504667
7,27727727727728 	 0,547149005579783
7,28728728728729 	 0,5416892806549
7,2972972972973 	 0,53622955572985
7,30730730730731 	 0,530769830804911
7,31731731731732 	 0,525310105880084
7,32732732732733 	 0,519850380955145
7,33733733733734 	 0,514390656030206
7,34734734734735 	 0,508930931105267
7,35735735735736 	 0,503471206180328
7,36736736736737 	 0,498011481255445
7,37737737737738 	 0,492551756330506
7,38738738738739 	 0,487092031405623
7,3973973973974 	 0,481632306480573
7,40740740740741 	 0,476172581555745
7,41741741741742 	 0,470712856630806
7,42742742742743 	 0,465253131705812
7,43743743743744 	 0,459793406780928
7,44744744744745 	 0,454333681855934
7,45745745745746 	 0,448873956931106
7,46746746746747 	 0,443414232006223
7,47747747747748 	 0,437954507081229
7,48748748748749 	 0,43249478215629
7,4974974974975 	 0,427035057231406
7,50750750750751 	 0,415971820114269
7,51751751751752 	 0,403040745599714
7,52752752752753 	 0,390109671085215
7,53753753753754 	 0,377178596570715
7,54754754754755 	 0,36424752205616
7,55755755755756 	 0,351316447541661
7,56756756756757 	 0,338385373027161
7,57757757757758 	 0,325454298512662
7,58758758758759 	 0,312523223998107
7,5975975975976 	 0,299592149483607
7,60760760760761 	 0,286661074969052
7,61761761761762 	 0,273730000454553
7,62762762762763 	 0,260798925939998
7,63763763763764 	 0,247867851425498
7,64764764764765 	 0,234936776910999
7,65765765765766 	 0,222005702396499
7,66766766766767 	 0,209074627881944
7,67767767767768 	 0,196143553367445
7,68768768768769 	 0,183212478852945
7,6976976976977 	 0,17028140433839
7,70770770770771 	 0,157350329823891
7,71771771771772 	 0,144419255309391
7,72772772772773 	 0,131488180794781
7,73773773773774 	 0,118557106280281
7,74774774774775 	 0,105626031765782
7,75775775775776 	 0,0926949572512825
7,76776776776777 	 0,079763882736672
7,77777777777778 	 0,0668328082221725
7,78778778778779 	 0,053901733707673
7,7977977977978 	 0,0409706591931736
7,80780780780781 	 0,0280395846786741
7,81781781781782 	 0,0151085101641746
7,82782782782783 	 0,0021774356496751
7,83783783783784 	 -0,0107536388649354
7,84784784784785 	 -0,0236847133793239
7,85785785785786 	 -0,0366157878939344
7,86786786786787 	 -0,0495468624084339
7,87787787787788 	 -0,0624779369229334
7,88788788788789 	 -0,0754090114374328
7,8978978978979 	 -0,0883400859519323
7,90790790790791 	 -0,101271160466432
7,91791791791792 	 -0,114202234981042
7,92792792792793 	 -0,127133309495542
7,93793793793794 	 -0,140064384010041
7,94794794794795 	 -0,152995458524596
7,95795795795796 	 -0,16592653303904
7,96796796796797 	 -0,178857607553595
7,97797797797798 	 -0,19178868206815
7,98798798798799 	 -0,20471975658265
7,997997997998 	 -0,217650831097149
8,00800800800801 	 -0,225410386444358
8,01801801801802 	 -0,231877061999841
8,02802802802803 	 -0,238343737555435
8,03803803803804 	 -0,244810413110974
8,04804804804805 	 -0,251277088666513
8,05805805805806 	 -0,257743764222107
8,06806806806807 	 -0,264210439777535
8,07807807807808 	 -0,270677115333184
8,08808808808809 	 -0,277143790888723
8,0980980980981 	 -0,283610466444317
8,10810810810811 	 -0,290077141999801
8,11811811811812 	 -0,296543817555395
8,12812812812813 	 -0,303010493110933
8,13813813813814 	 -0,309477168666472
8,14814814814815 	 -0,315943844222011
8,15815815815816 	 -0,322410519777605
8,16816816816817 	 -0,328877195333144
8,17817817817818 	 -0,335343870888682
8,18818818818819 	 -0,341810546444277
8,1981981981982 	 -0,348277221999815
8,20820820820821 	 -0,354743897555354
8,21821821821822 	 -0,361210573110948
8,22822822822823 	 -0,367677248666487
8,23823823823824 	 -0,37414392422197
8,24824824824825 	 -0,380610599777564
8,25825825825826 	 -0,387077275333159
8,26826826826827 	 -0,393543950888642
8,27827827827828 	 -0,400010626444236
8,28828828828829 	 -0,406477301999775
8,2982982982983 	 -0,412943977555313
8,30830830830831 	 -0,419410653110908
8,31831831831832 	 -0,425877328666446
8,32832832832833 	 -0,432344004221985
8,33833833833834 	 -0,438810679777524
8,34834834834835 	 -0,445277355333062
8,35835835835836 	 -0,451744030888657
8,36836836836837 	 -0,458210706444195
8,37837837837838 	 -0,46467738199979
8,38838838838839 	 -0,471144057555328
8,3983983983984 	 -0,477610733110867
8,40840840840841 	 -0,484077408666461
8,41841841841842 	 -0,490544084221944
8,42842842842843 	 -0,497010759777483
8,43843843843844 	 -0,503477435333022
8,44844844844845 	 -0,509944110888616
8,45845845845846 	 -0,516410786444155
8,46846846846847 	 -0,522877461999638
8,47847847847848 	 -0,529344137555288
8,48848848848849 	 -0,535810813110826
8,4984984984985 	 -0,542277488666365
8,50850850850851 	 -0,551057952506206
8,51851851851852 	 -0,560246731925618
8,52852852852853 	 -0,569435511345029
8,53853853853854 	 -0,578624290764496
8,54854854854855 	 -0,587813070183851
8,55855855855856 	 -0,597001849603263
8,56856856856857 	 -0,606190629022729
8,57857857857858 	 -0,61537940844214
8,58858858858859 	 -0,624568187861552
8,5985985985986 	 -0,633756967280963
8,60860860860861 	 -0,642945746700374
8,61861861861862 	 -0,652134526119785
8,62862862862863 	 -0,661323305539196
8,63863863863864 	 -0,670512084958608
8,64864864864865 	 -0,679700864378019
8,65865865865866 	 -0,68888964379743
8,66866866866867 	 -0,698078423216841
8,67867867867868 	 -0,707267202636197
8,68868868868869 	 -0,716455982055664
8,6986986986987 	 -0,725644761475075
8,70870870870871 	 -0,734833540894486
8,71871871871872 	 -0,744022320313897
8,72872872872873 	 -0,753211099733309
8,73873873873874 	 -0,76239987915272
8,74874874874875 	 -0,771588658572131
8,75875875875876 	 -0,780777437991542
8,76876876876877 	 -0,789966217410953
8,77877877877878 	 -0,799154996830365
8,78878878878879 	 -0,808343776249776
8,7987987987988 	 -0,817532555669187
8,80880880880881 	 -0,826721335088654
8,81881881881882 	 -0,835910114508009
8,82882882882883 	 -0,845098893927421
8,83883883883884 	 -0,854287673346832
8,84884884884885 	 -0,863476452766243
8,85885885885886 	 -0,872665232185654
8,86886886886887 	 -0,881854011605121
8,87887887887888 	 -0,891042791024532
8,88888888888889 	 -0,900231570443943
8,8988988988989 	 -0,909420349863299
8,90890890890891 	 -0,918609129282821
8,91891891891892 	 -0,927797908702233
8,92892892892893 	 -0,936986688121644
8,93893893893894 	 -0,946175467541055
8,94894894894895 	 -0,955364246960466
8,95895895895896 	 -0,964553026379877
8,96896896896897 	 -0,973741805799289
8,97897897897898 	 -0,982930585218728
8,98898898898899 	 -0,992119364638139
8,998998998999 	 -1,00130814405755
9,00900900900901 	 -1,00122926300844
9,01901901901902 	 -1,00012064190735
9,02902902902903 	 -0,999012020806267
9,03903903903904 	 -0,997903399705152
9,04904904904905 	 -0,996794778604065
9,05905905905906 	 -0,995686157502951
9,06906906906907 	 -0,994577536401864
9,07907907907908 	 -0,993468915300777
9,08908908908909 	 -0,992360294199662
9,0990990990991 	 -0,991251673098575
9,10910910910911 	 -0,990143051997433
9,11911911911912 	 -0,989034430896346
9,12912912912913 	 -0,987925809795287
9,13913913913914 	 -0,986817188694172
9,14914914914915 	 -0,985708567593085
9,15915915915916 	 -0,984599946491971
9,16916916916917 	 -0,983491325390842
9,17917917917918 	 -0,982382704289742
9,18918918918919 	 -0,981274083188641
9,1991991991992 	 -0,98016546208754
9,20920920920921 	 -0,979056840986453
9,21921921921922 	 -0,977948219885352
9,22922922922923 	 -0,976839598784252
9,23923923923924 	 -0,975730977683151
9,24924924924925 	 -0,974622356582036
9,25925925925926 	 -0,973513735480949
9,26926926926927 	 -0,972405114379848
9,27927927927928 	 -0,971296493278748
9,28928928928929 	 -0,970187872177619
9,2992992992993 	 -0,969079251076525
9,30930930930931 	 -0,967970629975418
9,31931931931932 	 -0,966862008874317
9,32932932932933 	 -0,965753387773216
9,33933933933934 	 -0,96464476667215
9,34934934934935 	 -0,963536145571042
9,35935935935936 	 -0,962427524469945
9,36936936936937 	 -0,961318903368844
9,37937937937938 	 -0,960210282267743
9,38938938938939 	 -0,959101661166643
9,3993993993994 	 -0,957993040065542
9,40940940940941 	 -0,956884418964442
9,41941941941942 	 -0,955775797863341
9,42942942942943 	 -0,95466717676224
9,43943943943944 	 -0,953558555661141
9,44944944944945 	 -0,952449934560041
9,45945945945946 	 -0,951341313458909
9,46946946946947 	 -0,950232692357809
9,47947947947948 	 -0,949124071256711
9,48948948948949 	 -0,948015450155611
9,4994994994995 	 -0,94691146386066
9,50950950950951 	 -0,946504817611084
9,51951951951952 	 -0,94613999614962
9,52952952952953 	 -0,945775174688163
9,53953953953954 	 -0,945410353226699
9,54954954954955 	 -0,945045531765241
9,55955955955956 	 -0,944680710303791
9,56956956956957 	 -0,944315888842334
9,57957957957958 	 -0,943951067380863
9,58958958958959 	 -0,94358624591942
9,5995995995996 	 -0,943221424457949
9,60960960960961 	 -0,942856602996492
9,61961961961962 	 -0,942491781535035
9,62962962962963 	 -0,942126960073578
9,63963963963964 	 -0,941762138612107
9,64964964964965 	 -0,94139731715065
9,65965965965966 	 -0,941032495689192
9,66966966966967 	 -0,940667674227721
9,67967967967968 	 -0,940302852766264
9,68968968968969 	 -0,939938031304821
9,6996996996997 	 -0,939573209843336
9,70970970970971 	 -0,939208388381879
9,71971971971972 	 -0,938843566920422
9,72972972972973 	 -0,938478745458965
9,73973973973974 	 -0,938113923997508
9,74974974974975 	 -0,937749102536051
9,75975975975976 	 -0,937384281074566
9,76976976976977 	 -0,937019459613109
9,77977977977978 	 -0,936654638151652
9,78978978978979 	 -0,936289816690167
9,7997997997998 	 -0,935924995228737
9,80980980980981 	 -0,93556017376728
9,81981981981982 	 -0,935195352305795
9,82982982982983 	 -0,934830530844338
9,83983983983984 	 -0,934465709382881
9,84984984984985 	 -0,934100887921424
9,85985985985986 	 -0,933736066459967
9,86986986986987 	 -0,93337124499851
9,87987987987988 	 -0,933006423537025
9,88988988988989 	 -0,932641602075568
9,8998998998999 	 -0,932276780614111
9,90990990990991 	 -0,931911959152654
9,91991991991992 	 -0,931547137691197
9,92992992992993 	 -0,931182316229739
9,93993993993994 	 -0,930817494768255
9,94994994994995 	 -0,930452673306797
9,95995995995996 	 -0,93008785184534
9,96996996996997 	 -0,929723030383856
9,97997997997998 	 -0,929358208922426
9,98998998998999 	 -0,928993387460941
10 	 -0,928628565999456
