0 	 0
0,01001001001001 	 4,80385830274719E-05
0,02002002002002 	 0,000192154332109888
0,03003003003003 	 0,000432347247247247
0,04004004004004 	 0,000768617328439551
0,05005005005005 	 0,0012009645756868
0,0600600600600601 	 0,00172938898898899
0,0700700700700701 	 0,00235389056834612
0,0800800800800801 	 0,0030744693137582
0,0900900900900901 	 0,00389112522522522
0,1001001001001 	 0,00480385830274719
0,11011011011011 	 0,0058126685463241
0,12012012012012 	 0,00691755595595596
0,13013013013013 	 0,00811852053164276
0,14014014014014 	 0,0094155622733845
0,15015015015015 	 0,0108086811811812
0,16016016016016 	 0,0122978772550328
0,17017017017017 	 0,0138831504949394
0,18018018018018 	 0,0155645009009009
0,19019019019019 	 0,0173419284729174
0,2002002002002 	 0,0192154332109888
0,21021021021021 	 0,0211850151151151
0,22022022022022 	 0,0232506741852964
0,23023023023023 	 0,0254124104215326
0,24024024024024 	 0,0276702238238238
0,25025025025025 	 0,03002411439217
0,26026026026026 	 0,032474082126571
0,27027027027027 	 0,035020127027027
0,28028028028028 	 0,037662249093538
0,29029029029029 	 0,0404004483261039
0,3003003003003 	 0,0432347247247247
0,31031031031031 	 0,0461650782894005
0,32032032032032 	 0,0491915090201312
0,33033033033033 	 0,0523140169169169
0,34034034034034 	 0,0555326019797575
0,35035035035035 	 0,0588472642086531
0,36036036036036 	 0,0622580036036036
0,37037037037037 	 0,0657648201646091
0,38038038038038 	 0,0693677138916694
0,39039039039039 	 0,0730666847847848
0,4004004004004 	 0,0768617328439551
0,41041041041041 	 0,0807528580691803
0,42042042042042 	 0,0847400604604605
0,43043043043043 	 0,0888233400177956
0,44044044044044 	 0,0930026967411856
0,45045045045045 	 0,0972781306306306
0,46046046046046 	 0,101649641686131
0,47047047047047 	 0,106117229907685
0,48048048048048 	 0,110680895295295
0,49049049049049 	 0,11534063784896
0,500500500500501 	 0,120096428164878
0,510510510510511 	 0,124935387378015
0,520520520520521 	 0,129846900716048
0,530530530530531 	 0,134830968178977
0,540540540540541 	 0,139887589766801
0,550550550550551 	 0,14501676547952
0,560560560560561 	 0,150218495317136
0,570570570570571 	 0,155492779279647
0,580580580580581 	 0,160839617367053
0,590590590590591 	 0,166259009579356
0,600600600600601 	 0,171750955916554
0,610610610610611 	 0,177315456378648
0,620620620620621 	 0,182952510965637
0,630630630630631 	 0,188662119677522
0,640640640640641 	 0,194444282514303
0,650650650650651 	 0,200298999475979
0,660660660660661 	 0,206226270562551
0,670670670670671 	 0,212226095774019
0,680680680680681 	 0,218298475110382
0,690690690690691 	 0,224443408571641
0,700700700700701 	 0,230660896157796
0,710710710710711 	 0,236950937868847
0,720720720720721 	 0,243313533704793
0,730730730730731 	 0,249748683665634
0,740740740740741 	 0,256256387751372
0,750750750750751 	 0,262836645962005
0,760760760760761 	 0,269489458297534
0,770770770770771 	 0,276214824757958
0,780780780780781 	 0,283012745343278
0,790790790790791 	 0,289883220053494
0,800800800800801 	 0,296826248888605
0,810810810810811 	 0,303841831848612
0,820820820820821 	 0,310929968933515
0,830830830830831 	 0,318090660143313
0,840840840840841 	 0,325323905478007
0,850850850850851 	 0,332629704937597
0,860860860860861 	 0,340008058522082
0,870870870870871 	 0,347458966231463
0,880880880880881 	 0,35498242806574
0,890890890890891 	 0,362578444024913
0,900900900900901 	 0,370247014108981
0,910910910910911 	 0,377988138317944
0,920920920920921 	 0,385801816651804
0,930930930930931 	 0,393688049110559
0,940940940940941 	 0,401646835694209
0,950950950950951 	 0,409678176402756
0,960960960960961 	 0,417782071236198
0,970970970970971 	 0,425958520194536
0,980980980980981 	 0,434207523277769
0,990990990990991 	 0,442529080485898
1,001001001001 	 0,450922985384817
1,01101101101101 	 0,459364878750044
1,02102102102102 	 0,467838039419011
1,03103103103103 	 0,476342467391719
1,04104104104104 	 0,484878162668166
1,05105105105105 	 0,493445125248354
1,06106106106106 	 0,502043355132282
1,07107107107107 	 0,51067285231995
1,08108108108108 	 0,519333616811359
1,09109109109109 	 0,528025648606507
1,1011011011011 	 0,536748947705396
1,11111111111111 	 0,545503514108025
1,12112112112112 	 0,554289347814394
1,13113113113113 	 0,563106448824503
1,14114114114114 	 0,571954817138352
1,15115115115115 	 0,580834452755942
1,16116116116116 	 0,589745355677272
1,17117117117117 	 0,598687525902342
1,18118118118118 	 0,607660963431152
1,19119119119119 	 0,616665668263702
1,2012012012012 	 0,625701640399992
1,21121121121121 	 0,634768879840023
1,22122122122122 	 0,643867386583794
1,23123123123123 	 0,652997160631305
1,24124124124124 	 0,662158201982556
1,25125125125125 	 0,671350510637547
1,26126126126126 	 0,680574086596279
1,27127127127127 	 0,68982892985875
1,28128128128128 	 0,699115040424962
1,29129129129129 	 0,708432418294914
1,3013013013013 	 0,717781063468606
1,31131131131131 	 0,727160975946039
1,32132132132132 	 0,736572155727211
1,33133133133133 	 0,746014602812124
1,34134134134134 	 0,755488317200777
1,35135135135135 	 0,76499329889317
1,36136136136136 	 0,774529547889303
1,37137137137137 	 0,784097064189177
1,38138138138138 	 0,79369584779279
1,39139139139139 	 0,803325898700144
1,4014014014014 	 0,812987216911238
1,41141141141141 	 0,822679802426072
1,42142142142142 	 0,832403655244647
1,43143143143143 	 0,842158775366961
1,44144144144144 	 0,851945162793016
1,45145145145145 	 0,861762817522811
1,46146146146146 	 0,871611739556346
1,47147147147147 	 0,881491928893621
1,48148148148148 	 0,891403385534636
1,49149149149149 	 0,901346109479392
1,5015015015015 	 0,911319550128725
1,51151151151151 	 0,921292996284922
1,52152152152152 	 0,931248767597105
1,53153153153153 	 0,941186864065275
1,54154154154154 	 0,951107285689431
1,55155155155155 	 0,961010032469575
1,56156156156156 	 0,970895104405705
1,57157157157157 	 0,980762501497822
1,58158158158158 	 0,990612223745926
1,59159159159159 	 1,00044427115002
1,6016016016016 	 1,01025864371009
1,61161161161161 	 1,02005534142616
1,62162162162162 	 1,02983436429821
1,63163163163163 	 1,03959571232625
1,64164164164164 	 1,04933938551027
1,65165165165165 	 1,05906538385029
1,66166166166166 	 1,06877370734628
1,67167167167167 	 1,07846435599827
1,68168168168168 	 1,08813732980624
1,69169169169169 	 1,0977926287702
1,7017017017017 	 1,10743025289015
1,71171171171171 	 1,11705020216608
1,72172172172172 	 1,126652476598
1,73173173173173 	 1,1362370761859
1,74174174174174 	 1,1458040009298
1,75175175175175 	 1,15535325082968
1,76176176176176 	 1,16488482588554
1,77177177177177 	 1,1743987260974
1,78178178178178 	 1,18389495146524
1,79179179179179 	 1,19337350198906
1,8018018018018 	 1,20283437766888
1,81181181181181 	 1,21227757850468
1,82182182182182 	 1,22170310449647
1,83183183183183 	 1,23111095564424
1,84184184184184 	 1,240501131948
1,85185185185185 	 1,24987363340775
1,86186186186186 	 1,25922846002349
1,87187187187187 	 1,26856561179521
1,88188188188188 	 1,27788508872292
1,89189189189189 	 1,28718689080661
1,9019019019019 	 1,29647101804629
1,91191191191191 	 1,30573747044196
1,92192192192192 	 1,31498624799362
1,93193193193193 	 1,32421735070126
1,94194194194194 	 1,33343077856489
1,95195195195195 	 1,34262653158451
1,96196196196196 	 1,35180460976011
1,97197197197197 	 1,3609650130917
1,98198198198198 	 1,37010774157928
1,99199199199199 	 1,37923279522284
2,002002002002 	 1,3883392817278
2,01201201201201 	 1,39739775537273
2,02202202202202 	 1,4063939394442
2,03203203203203 	 1,41532783394221
2,04204204204204 	 1,42419943886676
2,05205205205205 	 1,43300875421786
2,06206206206206 	 1,4417557799955
2,07207207207207 	 1,45044051619968
2,08208208208208 	 1,4590629628304
2,09209209209209 	 1,46762311988767
2,1021021021021 	 1,47612098737148
2,11211211211211 	 1,48455656528183
2,12212212212212 	 1,49292985361873
2,13213213213213 	 1,50124085238217
2,14214214214214 	 1,50948956157215
2,15215215215215 	 1,51767598118867
2,16216216216216 	 1,52580011123174
2,17217217217217 	 1,53386195170135
2,18218218218218 	 1,5418615025975
2,19219219219219 	 1,54979876392019
2,2022022022022 	 1,55767373566943
2,21221221221221 	 1,56548641784521
2,22222222222222 	 1,57323681044753
2,23223223223223 	 1,5809249134764
2,24224224224224 	 1,5885507269318
2,25225225225225 	 1,59611425081375
2,26226226226226 	 1,60361548512225
2,27227227227227 	 1,61105442985728
2,28228228228228 	 1,61843108501886
2,29229229229229 	 1,62574545060698
2,3023023023023 	 1,63299752662164
2,31231231231231 	 1,64018731306285
2,32232232232232 	 1,6473148099306
2,33233233233233 	 1,65438001722489
2,34234234234234 	 1,66138293494572
2,35235235235235 	 1,6683235630931
2,36236236236236 	 1,67520190166702
2,37237237237237 	 1,68201795066748
2,38238238238238 	 1,68877171009449
2,39239239239239 	 1,69546317994803
2,4024024024024 	 1,70209236022812
2,41241241241241 	 1,70865925093475
2,42242242242242 	 1,71516385206793
2,43243243243243 	 1,72160616362765
2,44244244244244 	 1,72798618561391
2,45245245245245 	 1,73430391802671
2,46246246246246 	 1,74055936086606
2,47247247247247 	 1,74675251413195
2,48248248248248 	 1,75288337782438
2,49249249249249 	 1,75895195194335
2,5025025025025 	 1,7649573188617
2,51251251251251 	 1,77087929078173
2,52252252252252 	 1,77670960905892
2,53253253253253 	 1,78244827369329
2,54254254254254 	 1,78809528468482
2,55255255255255 	 1,79365064203352
2,56256256256256 	 1,79911434573939
2,57257257257257 	 1,80448639580242
2,58258258258258 	 1,80976679222263
2,59259259259259 	 1,814955535
2,6026026026026 	 1,82005262413454
2,61261261261261 	 1,82505805962625
2,62262262262262 	 1,82997184147512
2,63263263263263 	 1,83479396968117
2,64264264264264 	 1,83952444424438
2,65265265265265 	 1,84416326516476
2,66266266266266 	 1,84871043244231
2,67267267267267 	 1,85316594607702
2,68268268268268 	 1,85752980606891
2,69269269269269 	 1,86180201241796
2,7027027027027 	 1,86598256512418
2,71271271271271 	 1,87007146418757
2,72272272272272 	 1,87406870960812
2,73273273273273 	 1,87797430138585
2,74274274274274 	 1,88178823952074
2,75275275275275 	 1,8855105240128
2,76276276276276 	 1,88914115486202
2,77277277277277 	 1,89268013206842
2,78278278278278 	 1,89612745563198
2,79279279279279 	 1,89948312555271
2,8028028028028 	 1,90274714183061
2,81281281281281 	 1,90591950446568
2,82282282282282 	 1,90900021345792
2,83283283283283 	 1,91198926880732
2,84284284284284 	 1,91488667051389
2,85285285285285 	 1,91769241857763
2,86286286286286 	 1,92040651299854
2,87287287287287 	 1,92302895377661
2,88288288288288 	 1,92555974091186
2,89289289289289 	 1,92799887440427
2,9029029029029 	 1,93034635425385
2,91291291291291 	 1,9326021804606
2,92292292292292 	 1,93476635302451
2,93293293293293 	 1,93683887194559
2,94294294294294 	 1,93881973722385
2,95295295295295 	 1,94070894885926
2,96296296296296 	 1,94250650685185
2,97297297297297 	 1,94421241120161
2,98298298298298 	 1,94582666190853
2,99299299299299 	 1,94734925897262
3,003003003003 	 1,94877989081113
3,01301301301301 	 1,95011364134059
3,02302302302302 	 1,95134881416603
3,03303303303303 	 1,95248540928744
3,04304304304304 	 1,95352342670482
3,05305305305305 	 1,95446286641816
3,06306306306306 	 1,95530372842748
3,07307307307307 	 1,95604601273277
3,08308308308308 	 1,95668971933402
3,09309309309309 	 1,95723484823125
3,1031031031031 	 1,95768139942444
3,11311311311311 	 1,95802937291361
3,12312312312312 	 1,95827876869874
3,13313313313313 	 1,95842958677985
3,14314314314314 	 1,95848182715692
3,15315315315315 	 1,95843548982996
3,16316316316316 	 1,95829057479898
3,17317317317317 	 1,95804708206396
3,18318318318318 	 1,95770501162491
3,19319319319319 	 1,95726436348184
3,2032032032032 	 1,95672513763473
3,21321321321321 	 1,95608733408359
3,22322322322322 	 1,95535095282842
3,23323323323323 	 1,95451599386922
3,24324324324324 	 1,95358245720599
3,25325325325325 	 1,95255034283873
3,26326326326326 	 1,95141965076744
3,27327327327327 	 1,95019038099212
3,28328328328328 	 1,94886253351277
3,29329329329329 	 1,94743610832939
3,3033033033033 	 1,94591110544197
3,31331331331331 	 1,94428752485053
3,32332332332332 	 1,94256536655506
3,33333333333333 	 1,94074463055556
3,34334334334334 	 1,93882531685202
3,35335335335335 	 1,93680742544446
3,36336336336336 	 1,93469095633286
3,37337337337337 	 1,93247590951724
3,38338338338338 	 1,93016228499759
3,39339339339339 	 1,9277500827739
3,4034034034034 	 1,92523930284618
3,41341341341341 	 1,92262994521444
3,42342342342342 	 1,91992200987866
3,43343343343343 	 1,91711549683886
3,44344344344344 	 1,91421040609502
3,45345345345345 	 1,91120673764715
3,46346346346346 	 1,90810449149525
3,47347347347347 	 1,90490366763933
3,48348348348348 	 1,90160426607937
3,49349349349349 	 1,89820628681538
3,5035035035035 	 1,8947107840333
3,51351351351351 	 1,89113027888039
3,52352352352352 	 1,88746840722243
3,53353353353353 	 1,88372516905943
3,54354354354354 	 1,87990056439139
3,55355355355355 	 1,87599459321831
3,56356356356356 	 1,87200725554018
3,57357357357357 	 1,86793855135701
3,58358358358358 	 1,86378848066879
3,59359359359359 	 1,85955704347553
3,6036036036036 	 1,85524423977723
3,61361361361361 	 1,85085006957388
3,62362362362362 	 1,84637453286549
3,63363363363363 	 1,84181762965206
3,64364364364364 	 1,83717935993358
3,65365365365365 	 1,83245972371006
3,66366366366366 	 1,8276587209815
3,67367367367367 	 1,82277635174789
3,68368368368368 	 1,81781261600924
3,69369369369369 	 1,81276751376554
3,7037037037037 	 1,8076410450168
3,71371371371371 	 1,80243320976302
3,72372372372372 	 1,7971440080042
3,73373373373373 	 1,79177343974033
3,74374374374374 	 1,78632150497141
3,75375375375375 	 1,78078820369746
3,76376376376376 	 1,77517353591846
3,77377377377377 	 1,76947750163441
3,78378378378378 	 1,76370010084533
3,79379379379379 	 1,75784133355119
3,8038038038038 	 1,75190119975202
3,81381381381381 	 1,7458796994478
3,82382382382382 	 1,73977683263854
3,83383383383383 	 1,73359259932423
3,84384384384384 	 1,72732699950489
3,85385385385385 	 1,72098003318049
3,86386386386386 	 1,71455170035106
3,87387387387387 	 1,70804200101658
3,88388388388388 	 1,70145093517705
3,89389389389389 	 1,69477850283249
3,9039039039039 	 1,68802470398288
3,91391391391391 	 1,68118953862822
3,92392392392392 	 1,67427300676853
3,93393393393393 	 1,66727510840378
3,94394394394394 	 1,660195843534
3,95395395395395 	 1,65303521215917
3,96396396396396 	 1,6457932142793
3,97397397397397 	 1,63846984989438
3,98398398398398 	 1,63106511900442
3,99399399399399 	 1,62357902160942
4,004004004004 	 1,61601452831392
4,01401401401401 	 1,60839911720993
4,02402402402402 	 1,60073947215768
4,03403403403403 	 1,59303559315717
4,04404404404404 	 1,5852874802084
4,05405405405405 	 1,57749513331136
4,06406406406406 	 1,56965855246606
4,07407407407407 	 1,5617777376725
4,08408408408408 	 1,55385268893067
4,09409409409409 	 1,54588340624058
4,1041041041041 	 1,53786988960223
4,11411411411411 	 1,52981213901562
4,12412412412412 	 1,52171015448075
4,13413413413413 	 1,51356393599761
4,14414414414414 	 1,50537348356621
4,15415415415415 	 1,49713879718654
4,16416416416416 	 1,48885987685862
4,17417417417417 	 1,48053672258243
4,18418418418418 	 1,47216933435798
4,19419419419419 	 1,46375771218527
4,2042042042042 	 1,45530185606429
4,21421421421421 	 1,44680176599505
4,22422422422422 	 1,43825744197755
4,23423423423423 	 1,42966888401179
4,24424424424424 	 1,42103609209776
4,25425425425425 	 1,41235906623547
4,26426426426426 	 1,40363780642492
4,27427427427427 	 1,39487231266611
4,28428428428428 	 1,38606258495903
4,29429429429429 	 1,37720862330369
4,3043043043043 	 1,36831042770009
4,31431431431431 	 1,35936799814823
4,32432432432432 	 1,3503813346481
4,33433433433433 	 1,34135043719971
4,34434434434434 	 1,33227530580306
4,35435435435435 	 1,32315594045814
4,36436436436436 	 1,31399234116497
4,37437437437437 	 1,30478450792353
4,38438438438438 	 1,29553244073383
4,39439439439439 	 1,28623613959586
4,4044044044044 	 1,27689560450963
4,41441441441441 	 1,26751083547514
4,42442442442442 	 1,25808183249239
4,43443443443443 	 1,24860859556138
4,44444444444444 	 1,2390911246821
4,45445445445445 	 1,22952941985456
4,46446446446446 	 1,21992348107876
4,47447447447447 	 1,21027330835469
4,48448448448448 	 1,20057890168236
4,49449449449449 	 1,19084026106177
4,5045045045045 	 1,18106224270317
4,51451451451451 	 1,17128069862791
4,52452452452452 	 1,16150288317477
4,53453453453453 	 1,15172879634375
4,54454454454454 	 1,14195843813484
4,55455455455455 	 1,13219180854804
4,56456456456456 	 1,12242890758336
4,57457457457457 	 1,1126697352408
4,58458458458458 	 1,10291429152035
4,59459459459459 	 1,09316257642202
4,6046046046046 	 1,08341458994581
4,61461461461461 	 1,07367033209171
4,62462462462462 	 1,06392980285972
4,63463463463463 	 1,05419300224985
4,64464464464464 	 1,0444599302621
4,65465465465465 	 1,03473058689646
4,66466466466466 	 1,02500497215294
4,67467467467467 	 1,01528308603153
4,68468468468468 	 1,00556492853224
4,69469469469469 	 0,995850499655066
4,7047047047047 	 0,986139799400006
4,71471471471471 	 0,976432827767062
4,72472472472472 	 0,966729584756233
4,73473473473473 	 0,95703007036752
4,74474474474474 	 0,947334284600923
4,75475475475475 	 0,937642227456441
4,76476476476476 	 0,927953898934075
4,77477477477477 	 0,918269299033824
4,78478478478478 	 0,908588427755689
4,79479479479479 	 0,89891128509967
4,8048048048048 	 0,889237871065766
4,81481481481481 	 0,879568185653978
4,82482482482482 	 0,869902228864305
4,83483483483483 	 0,860240000696749
4,84484484484484 	 0,850581501151307
4,85485485485485 	 0,840926730227981
4,86486486486486 	 0,831275687926771
4,87487487487487 	 0,821628374247677
4,88488488488488 	 0,811984789190698
4,89489489489489 	 0,802344932755835
4,9049049049049 	 0,792708804943087
4,91491491491491 	 0,783076405752455
4,92492492492492 	 0,773447735183939
4,93493493493493 	 0,763822793237538
4,94494494494494 	 0,754201579913252
4,95495495495495 	 0,744584095211083
4,96496496496496 	 0,734970339131029
4,97497497497497 	 0,72536031167309
4,98498498498498 	 0,715754012837267
4,99499499499499 	 0,70615144262356
5,00500500500501 	 0,696558482241156
5,01501501501502 	 0,687010418945177
5,02502502502503 	 0,677513133944811
5,03503503503504 	 0,668066627240059
5,04504504504505 	 0,658670898830919
5,05505505505506 	 0,649325948717392
5,06506506506507 	 0,640031776899478
5,07507507507508 	 0,630788383377177
5,08508508508509 	 0,621595768150489
5,0950950950951 	 0,612453931219413
5,10510510510511 	 0,603362872583951
5,11511511511512 	 0,594322592244102
5,12512512512513 	 0,585333090199865
5,13513513513514 	 0,576394366451242
5,14514514514515 	 0,567506420998231
5,15515515515516 	 0,558669253840834
5,16516516516517 	 0,549882864979049
5,17517517517518 	 0,541147254412877
5,18518518518519 	 0,532462422142318
5,1951951951952 	 0,523828368167372
5,20520520520521 	 0,51524509248804
5,21521521521522 	 0,506712595104319
5,22522522522523 	 0,498230876016212
5,23523523523524 	 0,489799935223718
5,24524524524525 	 0,481419772726837
5,25525525525526 	 0,473090388525569
5,26526526526527 	 0,464811782619913
5,27527527527528 	 0,456583955009871
5,28528528528529 	 0,448406905695441
5,2952952952953 	 0,440280634676624
5,30530530530531 	 0,432205141953421
5,31531531531532 	 0,42418042752583
5,32532532532533 	 0,416206491393852
5,33533533533534 	 0,408283333557487
5,34534534534535 	 0,400410954016735
5,35535535535536 	 0,392589352771596
5,36536536536537 	 0,38481852982207
5,37537537537538 	 0,377098485168157
5,38538538538539 	 0,369429218809857
5,3953953953954 	 0,36181073074717
5,40540540540541 	 0,354243020980095
5,41541541541542 	 0,346726089508634
5,42542542542543 	 0,339259936332785
5,43543543543544 	 0,33184456145255
5,44544544544545 	 0,324479964867927
5,45545545545546 	 0,317166146578917
5,46546546546547 	 0,30990310658552
5,47547547547548 	 0,302690844887737
5,48548548548549 	 0,295529361485566
5,4954954954955 	 0,288418656379008
5,50550550550551 	 0,281363965446173
5,51551551551552 	 0,274391165175572
5,52552552552553 	 0,267503760576518
5,53553553553554 	 0,260701751649012
5,54554554554555 	 0,253985138393053
5,55555555555556 	 0,247353920808642
5,56556556556557 	 0,240808098895778
5,57557557557558 	 0,234347672654462
5,58558558558559 	 0,227972642084693
5,5955955955956 	 0,221683007186471
5,60560560560561 	 0,215478767959797
5,61561561561562 	 0,209359924404671
5,62562562562563 	 0,203326476521091
5,63563563563564 	 0,197378424309059
5,64564564564565 	 0,191515767768575
5,65565565565566 	 0,185738506899638
5,66566566566567 	 0,180046641702248
5,67567567567568 	 0,174440172176406
5,68568568568569 	 0,168919098322112
5,6956956956957 	 0,163483420139364
5,70570570570571 	 0,158133137628164
5,71571571571572 	 0,152868250788512
5,72572572572573 	 0,147688759620407
5,73573573573574 	 0,142594664123849
5,74574574574575 	 0,137585964298839
5,75575575575576 	 0,132662660145376
5,76576576576577 	 0,127824751663461
5,77577577577578 	 0,123072238853093
5,78578578578579 	 0,118405121714272
5,7957957957958 	 0,113823400246999
5,80580580580581 	 0,109327074451274
5,81581581581582 	 0,104916144327096
5,82582582582583 	 0,100590609874465
5,83583583583584 	 0,0963504710933813
5,84584584584585 	 0,0921957279838453
5,85585585585586 	 0,0881263805458568
5,86586586586587 	 0,0841424287794157
5,87587587587588 	 0,080243872684522
5,88588588588589 	 0,0764307122611758
5,8958958958959 	 0,0727029475093769
5,90590590590591 	 0,0690605784291255
5,91591591591592 	 0,0655036050204215
5,92592592592593 	 0,0620320272832648
5,93593593593594 	 0,0586458452176557
5,94594594594595 	 0,055345058823594
5,95595595595596 	 0,0521296681010797
5,96596596596597 	 0,0489996730501128
5,97597597597598 	 0,0459550736706933
5,98598598598599 	 0,0429958699628213
5,995995995996 	 0,0401220619264967
6,00600600600601 	 0,0373361172783731
6,01601601601602 	 0,0346481810758042
6,02602602602603 	 0,032059350081747
6,03603603603604 	 0,0295696242962017
6,04604604604605 	 0,0271790037191682
6,05605605605606 	 0,0248874883506466
6,06606606606607 	 0,0226950781906367
6,07607607607608 	 0,0206017732391386
6,08608608608609 	 0,0186075734961524
6,0960960960961 	 0,016712478961678
6,10610610610611 	 0,0149164896357154
6,11611611611612 	 0,0132196055182646
6,12612612612613 	 0,0116218266093256
6,13613613613614 	 0,0101231529088985
6,14614614614615 	 0,00872358441698314
6,15615615615616 	 0,00742312113357961
6,16616616616617 	 0,00622176305868789
6,17617617617618 	 0,005119510192308
6,18618618618619 	 0,00411636253443992
6,1961961961962 	 0,00321232008508365
6,20620620620621 	 0,00240738284423919
6,21621621621622 	 0,00170155081190657
6,22622622622623 	 0,00109482398808575
6,23623623623624 	 0,000587202372776735
6,24624624624625 	 0,000178685965979544
6,25625625625626 	 -0,000130725232305832
6,26626626626627 	 -0,000341031222079402
6,27627627627628 	 -0,000452232003341144
6,28628628628629 	 -0,000464327576091071
6,2962962962963 	 -0,000377317940329192
6,30630630630631 	 -0,000191203096055498
6,31631631631632 	 9,40169567300239E-05
6,32632632632633 	 0,000478342218027339
6,33633633633634 	 0,000961772687836489
6,34634634634635 	 0,00154430836615745
6,35635635635636 	 0,00222594925299022
6,36636636636637 	 0,00300669534833481
6,37637637637638 	 0,00388654665219122
6,38638638638639 	 0,00486550316455943
6,3963963963964 	 0,00594356488543947
6,40640640640641 	 0,00712073181483132
6,41641641641642 	 0,0083970039527351
6,42642642642643 	 0,00977238129915059
6,43643643643644 	 0,0112468638540779
6,44644644644645 	 0,012820451617517
6,45645645645646 	 0,0144931445894679
6,46646646646647 	 0,0162649427699307
6,47647647647648 	 0,0181358461589053
6,48648648648649 	 0,0201058547563916
6,4964964964965 	 0,0221749685623898
6,50650650650651 	 0,0243409578597264
6,51651651651652 	 0,0265961439774257
6,52652652652653 	 0,0289398804294433
6,53653653653654 	 0,0313721672157792
6,54654654654655 	 0,0338930043364334
6,55655655655656 	 0,0365023917914059
6,56656656656657 	 0,0392003295806967
6,57657657657658 	 0,0419868177043058
6,58658658658659 	 0,0448618561622332
6,5965965965966 	 0,0478254449544789
6,60660660660661 	 0,0508775840810429
6,61661661661662 	 0,0540182735419252
6,62662662662663 	 0,0572475133371258
6,63663663663664 	 0,0605653034666447
6,64664664664665 	 0,0639716439304819
6,65665665665666 	 0,0674665347286374
6,66666666666667 	 0,0710499758611113
6,67667667667668 	 0,0747219673279034
6,68668668668669 	 0,0784825091290138
6,6966966966967 	 0,0823316012644425
6,70670670670671 	 0,0862692437341895
6,71671671671672 	 0,0902954365382549
6,72672672672673 	 0,0944101796766385
6,73673673673674 	 0,0986134731493404
6,74674674674675 	 0,102905316956361
6,75675675675676 	 0,107285711097699
6,76676676676677 	 0,111754655573356
6,77677677677678 	 0,116312150383331
6,78678678678679 	 0,120958195527625
6,7967967967968 	 0,125692791006236
6,80680680680681 	 0,130515936819166
6,81681681681682 	 0,135427632966415
6,82682682682683 	 0,140427879447981
6,83683683683684 	 0,145516676263866
6,84684684684685 	 0,15069402341407
6,85685685685686 	 0,155959920898591
6,86686686686687 	 0,161314368717431
6,87687687687688 	 0,166757366870589
6,88688688688689 	 0,172288915358066
6,8968968968969 	 0,17790901417986
6,90690690690691 	 0,183617663335974
6,91691691691692 	 0,189414862826405
6,92692692692693 	 0,195300612651155
6,93693693693694 	 0,201274912810223
6,94694694694695 	 0,207337763303609
6,95695695695696 	 0,213489164131313
6,96696696696697 	 0,219729115293336
6,97697697697698 	 0,226057616789677
6,98698698698699 	 0,232474668620337
6,996996996997 	 0,238980270785315
7,00700700700701 	 0,2455665256889
7,01701701701702 	 0,252210546421074
7,02702702702703 	 0,258910882403032
7,03703703703704 	 0,265667533634774
7,04704704704705 	 0,2724805001163
7,05705705705706 	 0,279349781847611
7,06706706706707 	 0,286275378828706
7,07707707707708 	 0,293257291059586
7,08708708708709 	 0,30029551854025
7,0970970970971 	 0,307390061270698
7,10710710710711 	 0,31454091925093
7,11711711711712 	 0,321748092480947
7,12712712712713 	 0,329011580960748
7,13713713713714 	 0,336331384690334
7,14714714714715 	 0,343707503669704
7,15715715715716 	 0,351139937898858
7,16716716716717 	 0,358628687377796
7,17717717717718 	 0,366173752106519
7,18718718718719 	 0,373775132085026
7,1971971971972 	 0,381432827313317
7,20720720720721 	 0,389146837791393
7,21721721721722 	 0,396917163519253
7,22722722722723 	 0,404743804496897
7,23723723723724 	 0,412626760724326
7,24724724724725 	 0,420566032201539
7,25725725725726 	 0,428561618928536
7,26726726726727 	 0,436613520905318
7,27727727727728 	 0,444721738131883
7,28728728728729 	 0,452886270608234
7,2972972972973 	 0,461107118334368
7,30730730730731 	 0,469384281310287
7,31731731731732 	 0,47771775953599
7,32732732732733 	 0,486107553011478
7,33733733733734 	 0,49455366173675
7,34734734734735 	 0,503056085711806
7,35735735735736 	 0,511614824936646
7,36736736736737 	 0,520229879411271
7,37737737737738 	 0,52890124913568
7,38738738738739 	 0,537628934109873
7,3973973973974 	 0,546412934333851
7,40740740740741 	 0,555253249807613
7,41741741741742 	 0,56414988053116
7,42742742742743 	 0,57310282650449
7,43743743743744 	 0,582112087727605
7,44744744744745 	 0,591177664200505
7,45745745745746 	 0,600299555923188
7,46746746746747 	 0,609477762895656
7,47747747747748 	 0,618712285117909
7,48748748748749 	 0,628003122589945
7,4974974974975 	 0,637350275311766
7,50750750750751 	 0,646740799308541
7,51751751751752 	 0,656143053752905
7,52752752752753 	 0,665555600425433
7,53753753753754 	 0,674978439326126
7,54754754754755 	 0,684411570454982
7,55755755755756 	 0,693854993812003
7,56756756756757 	 0,703308709397188
7,57757757757758 	 0,712772717210537
7,58758758758759 	 0,72224701725205
7,5975975975976 	 0,731731609521727
7,60760760760761 	 0,741226494019568
7,61761761761762 	 0,750731670745573
7,62762762762763 	 0,760247139699743
7,63763763763764 	 0,769772900882076
7,64764764764765 	 0,779308954292574
7,65765765765766 	 0,788855299931235
7,66766766766767 	 0,798411937798061
7,67767767767768 	 0,807978867893051
7,68768768768769 	 0,817556090216205
7,6976976976977 	 0,827143604767523
7,70770770770771 	 0,836741411547005
7,71771771771772 	 0,846349510554651
7,72772772772773 	 0,855967901790462
7,73773773773774 	 0,865596585254436
7,74774774774775 	 0,875235560946575
7,75775775775776 	 0,884884828866878
7,76776776776777 	 0,894544389015344
7,77777777777778 	 0,904214241391975
7,78778778778779 	 0,91389438599677
7,7977977977978 	 0,923584822829729
7,80780780780781 	 0,933285551890852
7,81781781781782 	 0,94299657318014
7,82782782782783 	 0,952717886697591
7,83783783783784 	 0,962449492443207
7,84784784784785 	 0,972191390416986
7,85785785785786 	 0,98194358061893
7,86786786786787 	 0,991706063049038
7,87787787787788 	 1,00147883770731
7,88788788788789 	 1,01126190459375
7,8978978978979 	 1,02105526370835
7,90790790790791 	 1,03085891505111
7,91791791791792 	 1,04067285862204
7,92792792792793 	 1,05049709442113
7,93793793793794 	 1,06033162244839
7,94794794794795 	 1,07017644270381
7,95795795795796 	 1,08003155518739
7,96796796796797 	 1,08989695989914
7,97797797797798 	 1,09977265683905
7,98798798798799 	 1,10965864600713
7,997997997998 	 1,11955492740337
8,00800800800801 	 1,12944596729399
8,01801801801802 	 1,13929972735304
8,02802802802803 	 1,14911523672215
8,03803803803804 	 1,15889249540134
8,04804804804805 	 1,16863150339061
8,05805805805806 	 1,17833226068994
8,06806806806807 	 1,18799476729934
8,07807807807808 	 1,19761902321881
8,08808808808809 	 1,20720502844836
8,0980980980981 	 1,21675278298797
8,10810810810811 	 1,22626228683766
8,11811811811812 	 1,23573353999741
8,12812812812813 	 1,24516654246724
8,13813813813814 	 1,25456129424714
8,14814814814815 	 1,26391779533711
8,15815815815816 	 1,27323604573715
8,16816816816817 	 1,28251604544726
8,17817817817818 	 1,29175779446744
8,18818818818819 	 1,30096129279769
8,1981981981982 	 1,31012654043801
8,20820820820821 	 1,31925353738841
8,21821821821822 	 1,32834228364887
8,22822822822823 	 1,33739277921941
8,23823823823824 	 1,34640502410001
8,24824824824825 	 1,35537901829069
8,25825825825826 	 1,36431476179144
8,26826826826827 	 1,37321225460226
8,27827827827828 	 1,38207149672315
8,28828828828829 	 1,39089248815411
8,2982982982983 	 1,39967522889514
8,30830830830831 	 1,40841971894624
8,31831831831832 	 1,41712595830741
8,32832832832833 	 1,42579394697866
8,33833833833834 	 1,43442368495997
8,34834834834835 	 1,44301517225136
8,35835835835836 	 1,45156840885281
8,36836836836837 	 1,46008339476434
8,37837837837838 	 1,46856012998594
8,38838838838839 	 1,47699861451761
8,3983983983984 	 1,48539884835935
8,40840840840841 	 1,49376083151116
8,41841841841842 	 1,50208456397304
8,42842842842843 	 1,51037004574499
8,43843843843844 	 1,51861727682701
8,44844844844845 	 1,52682625721911
8,45845845845846 	 1,53499698692127
8,46846846846847 	 1,54312946593351
8,47847847847848 	 1,55122369425581
8,48848848848849 	 1,55927967188819
8,4984984984985 	 1,56729739883064
8,50850850850851 	 1,5752627220974
8,51851851851852 	 1,5831510576094
8,52852852852853 	 1,59096196461621
8,53853853853854 	 1,59869544311785
8,54854854854855 	 1,6063514931143
8,55855855855856 	 1,61393011460557
8,56856856856857 	 1,62143130759166
8,57857857857858 	 1,62885507207257
8,58858858858859 	 1,63620140804829
8,5985985985986 	 1,64347031551884
8,60860860860861 	 1,6506617944842
8,61861861861862 	 1,65777584494438
8,62862862862863 	 1,66481246689938
8,63863863863864 	 1,67177166034919
8,64864864864865 	 1,67865342529383
8,65865865865866 	 1,68545776173328
8,66866866866867 	 1,69218466966755
8,67867867867868 	 1,69883414909664
8,68868868868869 	 1,70540620002055
8,6986986986987 	 1,71190082243927
8,70870870870871 	 1,71831801635281
8,71871871871872 	 1,72465778176118
8,72872872872873 	 1,73092011866436
8,73873873873874 	 1,73710502706235
8,74874874874875 	 1,74321250695517
8,75875875875876 	 1,7492425583428
8,76876876876877 	 1,75519518122525
8,77877877877878 	 1,76107037560252
8,78878878878879 	 1,76686814147461
8,7987987987988 	 1,77258847884152
8,80880880880881 	 1,77823138770324
8,81881881881882 	 1,78379686805979
8,82882882882883 	 1,78928491991115
8,83883883883884 	 1,79469554325733
8,84884884884885 	 1,80002873809832
8,85885885885886 	 1,80528450443414
8,86886886886887 	 1,81046284226477
8,87887887887888 	 1,81556375159022
8,88888888888889 	 1,82058723241049
8,8988988988989 	 1,82553328472558
8,90890890890891 	 1,83040190853549
8,91891891891892 	 1,83519310384021
8,92892892892893 	 1,83990687063975
8,93893893893894 	 1,84454320893411
8,94894894894895 	 1,84910211872329
8,95895895895896 	 1,85358360000729
8,96896896896897 	 1,8579876527861
8,97897897897898 	 1,86231427705974
8,98898898898899 	 1,86656347282819
8,998998998999 	 1,87073524009146
9,00900900900901 	 1,8748213894999
9,01901901901902 	 1,87880999088983
9,02902902902903 	 1,88270094315816
9,03903903903904 	 1,8864942463049
9,04904904904905 	 1,89018990033005
9,05905905905906 	 1,8937879052336
9,06906906906907 	 1,89728826101556
9,07907907907908 	 1,90069096767592
9,08908908908909 	 1,90399602521469
9,0990990990991 	 1,90720343363187
9,10910910910911 	 1,91031319292745
9,11911911911912 	 1,91332530310144
9,12912912912913 	 1,91623976415383
9,13913913913914 	 1,91905657608463
9,14914914914915 	 1,92177573889384
9,15915915915916 	 1,92439725258145
9,16916916916917 	 1,92692111714747
9,17917917917918 	 1,92934733259189
9,18918918918919 	 1,93167589891472
9,1991991991992 	 1,93390681611595
9,20920920920921 	 1,9360400841956
9,21921921921922 	 1,93807570315364
9,22922922922923 	 1,9400136729901
9,23923923923924 	 1,94185399370495
9,24924924924925 	 1,94359666529822
9,25925925925926 	 1,94524168776989
9,26926926926927 	 1,94678906111997
9,27927927927928 	 1,94823878534845
9,28928928928929 	 1,94959086045534
9,2992992992993 	 1,95084528644063
9,30930930930931 	 1,95200206330433
9,31931931931932 	 1,95306119104644
9,32932932932933 	 1,95402266966695
9,33933933933934 	 1,95488649916587
9,34934934934935 	 1,95565267954319
9,35935935935936 	 1,95632121079893
9,36936936936937 	 1,95689209293306
9,37937937937938 	 1,9573653259456
9,38938938938939 	 1,95774090983655
9,3993993993994 	 1,95801884460591
9,40940940940941 	 1,95819913025367
9,41941941941942 	 1,95828176677983
9,42942942942943 	 1,9582667541844
9,43943943943944 	 1,95815409246738
9,44944944944945 	 1,95794378162876
9,45945945945946 	 1,95763582166855
9,46946946946947 	 1,95723021258675
9,47947947947948 	 1,95672695438335
9,48948948948949 	 1,95612604705836
9,4994994994995 	 1,95542749061177
9,50950950950951 	 1,95463294893487
9,51951951951952 	 1,95374444082096
9,52952952952953 	 1,95276197087916
9,53953953953954 	 1,95168553910946
9,54954954954955 	 1,95051514551187
9,55955955955956 	 1,94925079008638
9,56956956956957 	 1,947892472833
9,57957957957958 	 1,94644019375173
9,58958958958959 	 1,94489395284256
9,5995995995996 	 1,9432537501055
9,60960960960961 	 1,94151958554055
9,61961961961962 	 1,9396914591477
9,62962962962963 	 1,93776937092695
9,63963963963964 	 1,93575332087832
9,64964964964965 	 1,93364330900179
9,65965965965966 	 1,93143933529736
9,66966966966967 	 1,92914139976504
9,67967967967968 	 1,92674950240483
9,68968968968969 	 1,92426364321672
9,6996996996997 	 1,92168382220072
9,70970970970971 	 1,91901003935683
9,71971971971972 	 1,91624229468504
9,72972972972973 	 1,91338058818535
9,73973973973974 	 1,91042491985778
9,74974974974975 	 1,90737528970231
9,75975975975976 	 1,90423169771894
9,76976976976977 	 1,90099414390768
9,77977977977978 	 1,89766262826853
9,78978978978979 	 1,89423715080148
9,7997997997998 	 1,89071771150654
9,80980980980981 	 1,88710431038371
9,81981981981982 	 1,88339694743298
9,82982982982983 	 1,87959562265436
9,83983983983984 	 1,87570033604784
9,84984984984985 	 1,87171108761343
9,85985985985986 	 1,86762787735113
9,86986986986987 	 1,86345070526093
9,87987987987988 	 1,85917957134284
9,88988988988989 	 1,85481447559685
9,8998998998999 	 1,85035541802297
9,90990990990991 	 1,8458023986212
9,91991991991992 	 1,84115541739153
9,92992992992993 	 1,83641447433396
9,93993993993994 	 1,83157956944851
9,94994994994995 	 1,82665070273516
9,95995995995996 	 1,82162787419392
9,96996996996997 	 1,81651108382478
9,97997997997998 	 1,81130033162775
9,98998998998999 	 1,80599561760282
10 	 1,80059694175
