_____________________________________
Part A1 - decomposit A into Q*R
Matrix A=
    2,000     3,000     4,000 
    2,000     4,000     6,000 
    1,000     1,000     2,000 
Matrix Q=
    0,667    -0,333    -0,667 
    0,667     0,667     0,333 
    0,333    -0,667     0,667 
Matrix R=
    3,000     5,000     7,333 
    0,000     1,000     1,333 
    0,000     0,000     0,667 
Check if Q.T is the inverse of Q
Q.T*Q=
    1,000     0,000     0,000 
    0,000     1,000     0,000 
    0,000     0,000     1,000 
Check if Q*R=A
Q*R=
    2,000     3,000     4,000 
    2,000     4,000     6,000 
    1,000     1,000     2,000 
_____________________________________
Part A2 - solve the linear equations of A*x=b
Matrix A=
    2,000     3,000     4,000 
    2,000     4,000     6,000 
    1,000     1,000     2,000 
Vector b=         1          2          3 
Solution x=         2         -5          3 
Check A*x=         1          2          3 
_____________________________________
Part B - find the inverse matrix of A
A_inv=
    1,000    -1,000     1,000 
    1,000     0,000    -2,000 
   -1,000     0,500     1,000 
Check if A_inv is the inverse:
A*A_inv=
    1,000     0,000     0,000 
    0,000     1,000     0,000 
    0,000     0,000     1,000 
A_inv*A=
    1,000     0,000     0,000 
    0,000     1,000     0,000 
    0,000     0,000     1,000 
