    -4,000	    -0,99999998
    -3,969	    -0,99999998
    -3,938	    -0,99999997
    -3,906	    -0,99999997
    -3,875	    -0,99999996
    -3,844	    -0,99999995
    -3,813	    -0,99999993
    -3,781	    -0,99999991
    -3,750	    -0,99999989
    -3,719	    -0,99999985
    -3,688	    -0,99999982
    -3,656	    -0,99999977
    -3,625	    -0,99999970
    -3,594	    -0,99999963
    -3,563	    -0,99999953
    -3,531	    -0,99999941
    -3,500	    -0,99999926
    -3,469	    -0,99999907
    -3,438	    -0,99999883
    -3,406	    -0,99999854
    -3,375	    -0,99999818
    -3,344	    -0,99999774
    -3,313	    -0,99999719
    -3,281	    -0,99999652
    -3,250	    -0,99999569
    -3,219	    -0,99999468
    -3,188	    -0,99999344
    -3,156	    -0,99999193
    -3,125	    -0,99999010
    -3,094	    -0,99998786
    -3,063	    -0,99998515
    -3,031	    -0,99998186
    -3,000	    -0,99997789
    -2,969	    -0,99997311
    -2,938	    -0,99996735
    -2,906	    -0,99996042
    -2,875	    -0,99995212
    -2,844	    -0,99994219
    -2,813	    -0,99993032
    -2,781	    -0,99991617
    -2,750	    -0,99989934
    -2,719	    -0,99987935
    -2,688	    -0,99985566
    -2,656	    -0,99982764
    -2,625	    -0,99979456
    -2,594	    -0,99975559
    -2,563	    -0,99970976
    -2,531	    -0,99965597
    -2,500	    -0,99959296
    -2,469	    -0,99951931
    -2,438	    -0,99943336
    -2,406	    -0,99933328
    -2,375	    -0,99921695
    -2,344	    -0,99908202
    -2,313	    -0,99892581
    -2,281	    -0,99874531
    -2,250	    -0,99853715
    -2,219	    -0,99829758
    -2,188	    -0,99802237
    -2,156	    -0,99770686
    -2,125	    -0,99734583
    -2,094	    -0,99693354
    -2,063	    -0,99646362
    -2,031	    -0,99592905
    -2,000	    -0,99532214
    -1,969	    -0,99463443
    -1,938	    -0,99385670
    -1,906	    -0,99297886
    -1,875	    -0,99198997
    -1,844	    -0,99087816
    -1,813	    -0,98963057
    -1,781	    -0,98823337
    -1,750	    -0,98667165
    -1,719	    -0,98492946
    -1,688	    -0,98298974
    -1,656	    -0,98083428
    -1,625	    -0,97844379
    -1,594	    -0,97579780
    -1,563	    -0,97287471
    -1,531	    -0,96965180
    -1,500	    -0,96610527
    -1,469	    -0,96221021
    -1,438	    -0,95794074
    -1,406	    -0,95326999
    -1,375	    -0,94817021
    -1,344	    -0,94261286
    -1,313	    -0,93656870
    -1,281	    -0,93000791
    -1,250	    -0,92290022
    -1,219	    -0,91521507
    -1,188	    -0,90692177
    -1,156	    -0,89798963
    -1,125	    -0,88838823
    -1,094	    -0,87808754
    -1,063	    -0,86705821
    -1,031	    -0,85527173
    -1,000	    -0,84270069
    -0,969	    -0,82931903
    -0,938	    -0,81510227
    -0,906	    -0,80002776
    -0,875	    -0,78407493
    -0,844	    -0,76722553
    -0,813	    -0,74946391
    -0,781	    -0,73077720
    -0,750	    -0,71115557
    -0,719	    -0,69059244
    -0,688	    -0,66908466
    -0,656	    -0,64663274
    -0,625	    -0,62324095
    -0,594	    -0,59891749
    -0,563	    -0,57367458
    -0,531	    -0,54752858
    -0,500	    -0,52050002
    -0,469	    -0,49261360
    -0,438	    -0,46389824
    -0,406	    -0,43438699
    -0,375	    -0,40411694
    -0,344	    -0,37312918
    -0,313	    -0,34146857
    -0,281	    -0,30918363
    -0,250	    -0,27632626
    -0,219	    -0,24295157
    -0,188	    -0,20911756
    -0,156	    -0,17488481
    -0,125	    -0,14031619
    -0,094	    -0,10547651
    -0,063	    -0,07043210
    -0,031	    -0,03525050
     0,000	     0,00000000
     0,031	     0,03525050
     0,063	     0,07043210
     0,094	     0,10547651
     0,125	     0,14031619
     0,156	     0,17488481
     0,188	     0,20911756
     0,219	     0,24295157
     0,250	     0,27632626
     0,281	     0,30918363
     0,313	     0,34146857
     0,344	     0,37312918
     0,375	     0,40411694
     0,406	     0,43438699
     0,438	     0,46389824
     0,469	     0,49261360
     0,500	     0,52050002
     0,531	     0,54752858
     0,563	     0,57367458
     0,594	     0,59891749
     0,625	     0,62324095
     0,656	     0,64663274
     0,688	     0,66908466
     0,719	     0,69059244
     0,750	     0,71115557
     0,781	     0,73077720
     0,813	     0,74946391
     0,844	     0,76722553
     0,875	     0,78407493
     0,906	     0,80002776
     0,938	     0,81510227
     0,969	     0,82931903
     1,000	     0,84270069
     1,031	     0,85527173
     1,063	     0,86705821
     1,094	     0,87808754
     1,125	     0,88838823
     1,156	     0,89798963
     1,188	     0,90692177
     1,219	     0,91521507
     1,250	     0,92290022
     1,281	     0,93000791
     1,313	     0,93656870
     1,344	     0,94261286
     1,375	     0,94817021
     1,406	     0,95326999
     1,438	     0,95794074
     1,469	     0,96221021
     1,500	     0,96610527
     1,531	     0,96965180
     1,563	     0,97287471
     1,594	     0,97579780
     1,625	     0,97844379
     1,656	     0,98083428
     1,688	     0,98298974
     1,719	     0,98492946
     1,750	     0,98667165
     1,781	     0,98823337
     1,813	     0,98963057
     1,844	     0,99087816
     1,875	     0,99198997
     1,906	     0,99297886
     1,938	     0,99385670
     1,969	     0,99463443
     2,000	     0,99532214
     2,031	     0,99592905
     2,063	     0,99646362
     2,094	     0,99693354
     2,125	     0,99734583
     2,156	     0,99770686
     2,188	     0,99802237
     2,219	     0,99829758
     2,250	     0,99853715
     2,281	     0,99874531
     2,313	     0,99892581
     2,344	     0,99908202
     2,375	     0,99921695
     2,406	     0,99933328
     2,438	     0,99943336
     2,469	     0,99951931
     2,500	     0,99959296
     2,531	     0,99965597
     2,563	     0,99970976
     2,594	     0,99975559
     2,625	     0,99979456
     2,656	     0,99982764
     2,688	     0,99985566
     2,719	     0,99987935
     2,750	     0,99989934
     2,781	     0,99991617
     2,813	     0,99993032
     2,844	     0,99994219
     2,875	     0,99995212
     2,906	     0,99996042
     2,938	     0,99996735
     2,969	     0,99997311
     3,000	     0,99997789
     3,031	     0,99998186
     3,063	     0,99998515
     3,094	     0,99998786
     3,125	     0,99999010
     3,156	     0,99999193
     3,188	     0,99999344
     3,219	     0,99999468
     3,250	     0,99999569
     3,281	     0,99999652
     3,313	     0,99999719
     3,344	     0,99999774
     3,375	     0,99999818
     3,406	     0,99999854
     3,438	     0,99999883
     3,469	     0,99999907
     3,500	     0,99999926
     3,531	     0,99999941
     3,563	     0,99999953
     3,594	     0,99999963
     3,625	     0,99999970
     3,656	     0,99999977
     3,688	     0,99999982
     3,719	     0,99999985
     3,750	     0,99999989
     3,781	     0,99999991
     3,813	     0,99999993
     3,844	     0,99999995
     3,875	     0,99999996
     3,906	     0,99999997
     3,938	     0,99999997
     3,969	     0,99999998
