    -4,984	    -0,54795046
    -4,953	    -0,19323876
    -4,922	    -0,12303932
    -4,891	    -0,09355114
    -4,859	    -0,07769422
    -4,828	    -0,06809194
    -4,797	    -0,06191616
    -4,766	    -0,05785656
    -4,734	    -0,05522969
    -4,703	    -0,05365114
    -4,672	    -0,05289567
    -4,641	    -0,05283093
    -4,609	    -0,05338389
    -4,578	    -0,05452324
    -4,547	    -0,05625057
    -4,516	    -0,05859677
    -4,484	    -0,06162245
    -4,453	    -0,06542175
    -4,422	    -0,07013025
    -4,391	    -0,07593809
    -4,359	    -0,08311126
    -4,328	    -0,09202569
    -4,297	    -0,10322372
    -4,266	    -0,11751083
    -4,234	    -0,13613032
    -4,203	    -0,16109949
    -4,172	    -0,19591324
    -4,141	    -0,24718585
    -4,109	    -0,32910820
    -4,078	    -0,47860262
    -4,047	    -0,83109872
    -4,016	    -2,60562290
    -3,984	     2,73119058
    -3,953	     0,95713572
    -3,922	     0,60558417
    -3,891	     0,45752353
    -3,859	     0,37754533
    -3,828	     0,32875640
    -3,797	     0,29700409
    -3,766	     0,27572269
    -3,734	     0,26147804
    -3,703	     0,25232800
    -3,672	     0,24712195
    -3,641	     0,24516854
    -3,609	     0,24606636
    -3,578	     0,24961423
    -3,547	     0,25576431
    -3,516	     0,26460106
    -3,484	     0,27633818
    -3,453	     0,29133124
    -3,422	     0,31010718
    -3,391	     0,33341567
    -3,359	     0,36231313
    -3,328	     0,39829868
    -3,297	     0,44353941
    -3,266	     0,50125715
    -3,234	     0,57642680
    -3,203	     0,67712131
    -3,172	     0,81732553
    -3,141	     1,02350391
    -3,109	     1,35242901
    -3,078	     1,95180132
    -3,047	     3,36335262
    -3,016	    10,46320446
    -2,984	   -10,88208748
    -2,953	    -3,78367714
    -2,922	    -2,37502542
    -2,891	    -1,78005250
    -2,859	    -1,45708901
    -2,828	    -1,25852060
    -2,797	    -1,12768741
    -2,766	    -1,03826824
    -2,734	    -0,97645706
    -2,703	    -0,93440213
    -2,672	    -0,90740090
    -2,641	    -0,89256672
    -2,609	    -0,88814578
    -2,578	    -0,89315091
    -2,547	    -0,90716404
    -2,516	    -0,93023809
    -2,484	    -0,96286583
    -2,453	    -1,00600320
    -2,422	    -1,06114800
    -2,391	    -1,13048752
    -2,359	    -1,21714566
    -2,328	    -1,32558778
    -2,297	    -1,46229399
    -2,266	    -1,63691787
    -2,234	    -1,86438045
    -2,203	    -2,16890420
    -2,172	    -2,59245441
    -2,141	    -3,21444195
    -2,109	    -4,20520895
    -2,078	    -6,00788843
    -2,047	   -10,24771500
    -2,016	   -31,55310094
    -1,984	    32,47622981
    -1,953	    11,17367155
    -1,922	     6,93952739
    -1,891	     5,14546426
    -1,859	     4,16636390
    -1,828	     3,55925356
    -1,797	     3,15400072
    -1,766	     2,87146060
    -1,734	     2,66999977
    -1,703	     2,52580575
    -1,672	     2,42446179
    -1,641	     2,35693399
    -1,609	     2,31750539
    -1,578	     2,30265468
    -1,547	     2,31043341
    -1,516	     2,34013020
    -1,484	     2,39211981
    -1,453	     2,46785161
    -1,422	     2,56996781
    -1,391	     2,70257173
    -1,359	     2,87170305
    -1,328	     3,08613405
    -1,297	     3,35870650
    -1,266	     3,70864205
    -1,234	     4,16572506
    -1,203	     4,77836706
    -1,172	     5,63048692
    -1,141	     6,88091480
    -1,109	     8,87036263
    -1,078	    12,48514314
    -1,047	    20,97579164
    -1,016	    63,59921908
    -0,984	   -64,44501853
    -0,953	   -21,82357724
    -0,922	   -13,33690420
    -0,891	    -9,72814337
    -0,859	    -7,74683287
    -0,828	    -6,50676041
    -0,797	    -5,66734505
    -0,766	    -5,06992262
    -0,734	    -4,63078085
    -0,703	    -4,30176293
    -0,672	    -4,05339705
    -0,641	    -3,86684482
    -0,609	    -3,72973523
    -0,578	    -3,63387692
    -0,547	    -3,57395168
    -0,516	    -3,54675983
    -0,484	    -3,55080284
    -0,453	    -3,58609687
    -0,422	    -3,65417298
    -0,391	    -3,75826381
    -0,359	    -3,90372134
    -0,328	    -4,09877178
    -0,297	    -4,35582250
    -0,266	    -4,69375010
    -0,234	    -5,14206687
    -0,203	    -5,74897286
    -0,172	    -6,59822686
    -0,141	    -7,84854345
    -0,109	    -9,84055854
    -0,078	   -13,46054494
    -0,047	   -21,95903187
    -0,016	   -64,59295688
     0,016	    63,43795972
     0,047	    20,80056257
     0,078	    12,29493821
     0,109	     8,66411337
     0,141	     6,65742352
     0,172	     5,38840209
     0,203	     4,51615816
     0,234	     3,88165312
     0,266	     3,40072410
     0,297	     3,02467210
     0,328	     2,72337168
     0,359	     2,47719341
     0,391	     2,27280369
     0,422	     2,10083166
     0,453	     1,95450163
     0,484	     1,82879505
     0,516	     1,71991731
     0,547	     1,62494749
     0,578	     1,54160170
     0,609	     1,46806940
     0,641	     1,40289756
     0,672	     1,34490729
     0,703	     1,29313268
     0,734	     1,24677532
     0,766	     1,20516994
     0,797	     1,16775819
     0,828	     1,13406837
     0,859	     1,10369960
     0,891	     1,07630931
     0,922	     1,05160333
     0,953	     1,02932791
     0,984	     1,00926327
     1,016	     0,99121812
     1,047	     0,97502637
     1,078	     0,96054205
     1,109	     0,94763740
     1,141	     0,93620018
     1,172	     0,92613161
     1,203	     0,91734463
     1,234	     0,90976245
     1,266	     0,90331734
     1,297	     0,89794953
     1,328	     0,89360633
     1,359	     0,89024138
     1,391	     0,88781394
     1,422	     0,88628836
     1,453	     0,88563355
     1,484	     0,88582260
     1,516	     0,88683236
     1,547	     0,88864316
     1,578	     0,89123849
     1,609	     0,89460479
     1,641	     0,89873125
     1,672	     0,90360958
     1,703	     0,90923392
     1,734	     0,91560063
     1,766	     0,92270824
     1,797	     0,93055731
     1,828	     0,93915037
     1,859	     0,94849185
     1,891	     0,95858798
     1,922	     0,96944682
     1,953	     0,98107817
     1,984	     0,99349354
     2,016	     1,00670590
     2,047	     1,02073073
     2,078	     1,03558440
     2,109	     1,05128524
     2,141	     1,06785333
     2,172	     1,08531048
     2,203	     1,10368025
     2,234	     1,12298803
     2,266	     1,14326101
     2,297	     1,16452830
     2,328	     1,18682091
     2,359	     1,21017188
     2,391	     1,23461626
     2,422	     1,26019126
     2,453	     1,28693625
     2,484	     1,31489292
     2,516	     1,34410530
     2,547	     1,37461988
     2,578	     1,40648574
     2,609	     1,43975458
     2,641	     1,47448095
     2,672	     1,51072227
     2,703	     1,54853902
     2,734	     1,58799484
     2,766	     1,62915673
     2,797	     1,67209516
     2,828	     1,71688427
     2,859	     1,76360202
     2,891	     1,81233040
     2,922	     1,86315561
     2,953	     1,91616829
     2,984	     1,97146374
     3,016	     2,02914159
     3,047	     2,08930822
     3,078	     2,15207382
     3,109	     2,21755480
     3,141	     2,28587354
     3,172	     2,35715870
     3,203	     2,43154556
     3,234	     2,50917637
     3,266	     2,59020072
     3,297	     2,67477593
     3,328	     2,76306744
     3,359	     2,85524927
     3,391	     2,95150450
     3,422	     3,05202570
     3,453	     3,15701550
     3,484	     3,26668711
     3,516	     3,38126490
     3,547	     3,50098502
     3,578	     3,62609604
     3,609	     3,75685962
     3,641	     3,89355127
     3,672	     4,03646107
     3,703	     4,18589453
     3,734	     4,34217339
     3,766	     4,50563658
     3,797	     4,67664116
     3,828	     4,85556334
     3,859	     5,04279954
     3,891	     5,23876757
     3,922	     5,44390781
     3,953	     5,65868449
     3,984	     5,88358708
     4,016	     6,11913010
     4,047	     6,36586097
     4,078	     6,62435223
     4,109	     6,89520947
     4,141	     7,17907159
     4,172	     7,47661274
     4,203	     7,78854436
     4,234	     8,11561732
     4,266	     8,45862424
     4,297	     8,81840189
     4,328	     9,19583381
     4,359	     9,59185302
     4,391	    10,00744494
     4,422	    10,44365044
     4,453	    10,90156914
     4,484	    11,38236289
     4,516	    11,88725941
     4,547	    12,41755624
     4,578	    12,97462488
     4,609	    13,55991519
     4,641	    14,17496009
     4,672	    14,82138051
     4,703	    15,50089068
     4,734	    16,21530376
     4,766	    16,96653776
     4,797	    17,75662192
     4,828	    18,58770341
     4,859	    19,46205447
     4,891	    20,38208007
     4,922	    21,35032593
     4,953	    22,36948714
     4,984	    23,44241729
