/////////////// Part B - test of row by row method///////////////
random 5x5 matrix
    0,249     0,111     0,467     0,772     0,658 
    0,111     0,433     0,354     0,944     0,101 
    0,467     0,354     0,642     0,029     0,248 
    0,772     0,944     0,029     0,320     0,990 
    0,658     0,101     0,248     0,990     0,682 

Number of repititions in jacobi=268

Should be a diagonal matrix V.T*B*V=
   -1,038     0,000     0,000     0,000     0,000 
    0,000    -0,274     0,000     0,000     0,000 
    0,000     0,000     0,540     0,000     0,000 
    0,000     0,000     0,000     0,643     0,000 
    0,000     0,000     0,000     0,000     2,455 

Eigenvalues should equal the diagonal elements above     -1,04     -0,274       0,54      0,643       2,45 

Check that V*D*V.T=A
    0,249     0,111     0,467     0,772     0,658 
    0,111     0,433     0,354     0,944     0,101 
    0,467     0,354     0,642     0,029     0,248 
    0,772     0,944     0,029     0,320     0,990 
    0,658     0,101     0,248     0,990     0,682 

/////////////// Find only the higest eigen values///////////////
random 5x5 matrix
    0,249     0,111     0,467     0,772     0,658 
    0,111     0,433     0,354     0,944     0,101 
    0,467     0,354     0,642     0,029     0,248 
    0,772     0,944     0,029     0,320     0,990 
    0,658     0,101     0,248     0,990     0,682 

Number of repititions in jacobi=240

First two diagonal elements should be the two higest eigenvalues
    2,455     0,000     0,000     0,000     0,000 
    0,000     0,643     0,000     0,000     0,000 
    0,000     0,000    -0,363    -0,458    -0,078 
    0,000     0,000    -0,458    -0,498     0,559 
    0,000     0,000    -0,078     0,559     0,090 
