_____________________________________

Part A - decomposit A into L*LT
Matrix A=
      0,29      0,112   -0,00812     -0,109 
     0,112      0,248     -0,115    -0,0191 
  -0,00812     -0,115      0,465     0,0166 
    -0,109    -0,0191     0,0166      0,329 

Matrix L=
     0,538          0          0          0 
     0,208      0,452          0          0 
   -0,0151     -0,248      0,635          0 
    -0,203     0,0513     0,0414      0,533 

Matrix LT=
     0,538      0,208    -0,0151     -0,203 
         0      0,452     -0,248     0,0513 
         0          0      0,635     0,0414 
         0          0          0      0,533 

Check if L*LT=A
L*LT=
      0,29      0,112   -0,00812     -0,109 
     0,112      0,248     -0,115    -0,0191 
  -0,00812     -0,115      0,465     0,0166 
    -0,109    -0,0191     0,0166      0,329 

L*LT=A	TEST PASSED
_____________________________________

Part B - Solving linear equation: A*x=b
Matrix A=
      0,29      0,112   -0,00812     -0,109 
     0,112      0,248     -0,115    -0,0191 
  -0,00812     -0,115      0,465     0,0166 
    -0,109    -0,0191     0,0166      0,329 

Vector b=    -0,503     -0,779     -0,066      0,543 

Solution x=     0,234      -3,64       -1,1       1,57 

Check A*x=    -0,503     -0,779     -0,066      0,543 

A*x=b   TEST PASSED
_____________________________________

Part C - Determinant of A
det(A)=0,00676576529175562

_____________________________________

Part D - find the inverse matrix of A
A_inv=
      4,93      -2,37     -0,557       1,53 
     -2,37       5,72        1,4     -0,527 
    -0,557        1,4        2,5      -0,23 
      1,53     -0,527      -0,23       3,52 

Check if A_inv is the inverse:

A*A_inv=
         1   4,86e-17   3,82e-17  -1,67e-16 
 -8,67e-17          1   6,51e-17  -2,78e-17 
 -2,78e-17  -1,16e-16          1  -6,94e-18 
  1,11e-16          0  -1,39e-17          1 

A_inv*A=
         1   4,86e-17   3,82e-17  -1,67e-16 
 -8,67e-17          1   6,51e-17  -2,78e-17 
 -2,78e-17  -1,16e-16          1  -6,94e-18 
  1,11e-16          0  -1,39e-17          1 

A*A_inv=I	TEST PASSED
