0 5599750 500 0
0,1 5599742,4708023 503,943702986266 3,5854947164565
0,215473176086179 5599733,70270147 508,536322415444 7,76097611131394
0,363019484353527 5599722,38286804 514,465497183807 13,1516347739808
0,547164220769026 5599708,0698913 521,962424102568 19,9676845968413
0,768660156954812 5599690,57718471 531,124823136871 28,2979921481233
1,02675608904395 5599669,80632119 542,004234383574 38,1894444285104
1,32012010747741 5599645,68015549 554,64104755154 49,6787969571023
1,64723071739509 5599618,11494433 569,079104802119 62,8059508648467
2,00653756229465 5599587,00909243 585,371594958174 77,6193126127594
2,39652375672567 5599552,2388241 603,583320088486 94,1778558147754
2,81572743615473 5599513,65657974 623,791534704292 112,551885557005
3,26274706508287 5599471,09036264 646,08628706118 132,823350298591
3,73624071365253 5599424,34330632 670,570644793146 155,086048892031
4,23492343506479 5599373,19317248 697,360956717415 179,445870807778
4,75756433968333 5599317,39167096 726,587207704063 206,021121335583
5,30298392058522 5599256,66356547 758,393485522909 234,942949012213
5,87005176952756 5599190,7055562 792,938564270634 266,355879525219
6,45768466593312 5599119,18493946 830,396604376169 300,418456166716
7,06484497136841 5599041,73804527 870,957968461901 337,303986268882
7,69053925407546 5598957,96845315 914,830153096286 377,201393756496
8,33381707577191 5598867,44498316 962,238837731073 420,316179112163
8,99376988518067 5598769,69945719 1013,42905349 466,871489318235
9,66952997522166 5598664,22422258 1068,66647582848 517,109301591857
10,360269471902 5598550,46942769 1128,23884637921 571,291725933675
11,0651993322352 5598427,84003679 1192,45753053992 629,702432669749
11,7835683360302 5598295,69256914 1261,65921856341 692,648212296402
12,5146620623089 5598153,33154484 1336,2077790977 760,460676058879
13,2578018456703 5598000,00561786 1416,49627531555 833,498106825973
14,0123437113557 5597834,90337403 1502,94915498735 912,147470983255
14,7776772902878 5597657,14876962 1596,02462710674 996,826603274014
15,5532247171378 5597465,79618322 1696,21723899001 1087,98657778584
16,3384395156669 5597259,82505122 1804,06066915499 1186,11427962782
17,1328054763249 5597038,13405396 1920,13075275543 1291,73519328382
17,9358355314631 5596799,5348169 2045,04875791961 1405,41642517705
18,7470706336298 5596542,74508731 2179,4849330295 1527,76997965653
19,5660786423204 5596266,38134377 2324,16234679647 1659,45630943374
20,3924532243184 5595968,95079157 2479,86104495504 1801,18816347647
21,2258127724306 5595648,84269295 2647,42254952623 1953,73475752671
22,0657993470191 5595304,31897631 2827,75472891296 2117,92629477162
22,9120776443033 5594933,50406361 3021,83706960207 2294,65886678532
23,7643339949639 5594534,37384931 3230,72638298186 2484,89976770243
24,6222753961404 5594104,74375852 3455,56298376339 2689,69325770966
25,4856285794981 5593642,25580487 3697,57737974389 2910,1668153855
26,3541391176454 5593144,36456158 3958,09751619923 3147,53792221578
27,2275705708258 5592608,32195112 4238,55662207099 3403,12142680898
28,1057036754875 5592031,16074967 4540,50170935547 3678,3375409769
28,9883355760544 5591409,67669326 4865,60278174756 3974,72052499024
29,8752791009846 5590740,40906129 5215,66281368086 4293,92812502579
30,7663620840073 5590019,61960134 5592,62856648814 4637,75183216548
31,6614267312762 5589243,2696461 5998,6023145339 5008,12803936962
32,5603290350695 5588406,99525837 6435,85456090438 5407,15018072063
33,4629382345936 5587506,08022432 6906,83782964621 5837,081946029
34,3691363244247 5586535,42669656 7414,20162970055 6300,37167373591
35,2788176111308 5585489,52326925 7960,80869466835 6799,6680360807
36,1918883186721 5584362,41024464 8549,75261246292 7337,83714289594
37,1082662432697 5583147,64182579 9184,37696986811 7917,98120434359
38,0278804585661 5581838,24494221 9868,29614914813 8543,45890864085
38,9506710720807 5580426,67438409 10605,4179272937 9217,90768861196
39,8765890341817 5578904,76388554 11399,9680434 9945,2680710551
40,8055960010671 5577263,67275795 12256,5169162445 10729,8103258014
41,7376642535664 5575493,82763002 13180,0087125833 11576,1636574
42,6727766739563 5573584,85880063 14175,7929872617 12489,3482121089
43,6109267834201 5571525,53065386 15249,6591392334 13474,810206909
44,5521188432996 5569303,66552033 16407,8739533319 14538,4605263322
45,4963680238822 5566906,06029559 17657,2225265429 15686,7171778615
46,4437006451614 5564318,39504138 19005,0529100423 16926,5520485796
47,3941544948136 5561525,13269919 20459,3248349388 18265,5424658725
48,3477792295738 5558509,408934 22028,6629311426 19711,9281348548
49,3046368672884 5555252,91099753 23722,4148958313 21274,6741066387
50,2648023782087 5551735,7443516 25550,7151215267 22963,5405268703
51,2283643855981 5547936,2856192 27524,5543549284 24789,160025871
52,1954259875107 5543831,02022864 29655,8560276975 26763,12374366
53,1661057137127 5539394,36287973 31957,5599809657 28898,0771392985
54,1405386342397 5534598,45868195 34443,7143984314 31207,8269196179
55,118877639098 5529412,96248509 37129,5768709042 33707,4606440076
56,1012949122504 5523804,79353118 40031,725641082 36413,4808277398
57,087983627414 5517737,86208843 43168,1822248998 39343,955686666
58,0791598985392 5511172,76416614 46558,546779651 42518,6890542028
59,075065024371 5504066,43973066 50224,1477951567 45959,4124741863
60,0759680745272 5496371,78901785 54188,2079300388 49690,0030521084
61,0821688744825 5488037,24052908 58476,0281102841 53736,7313606341
62,094001459247 5479006,26305581 63115,1923642518 58128,544579938
63,1118380810998 5469216,8125388 68135,7963033597 62897,3911578354
64,1360938764197 5458600,70264412 73570,7026924211 68078,5946634544
65,1672323217428 5447082,88551546 79455,828216644 73711,2862678966
66,2057716414148 5434580,62608432 85830,4663823112 79838,9075333701
67,2522923710022 5421002,54937276 92737,652537815 86509,7980894271
68,3074463353446 5406247,53511226 100224,578343748 93777,8865439868
69,3719673724984 5390203,42731285 108343,064756917 101703,507930229
70,4466842316006 5372745,51756001 117150,104867769 110354,377572223
71,5325362036913 5353734,74894574 126708,490951776 119806,760102487
72,6305922241895 5333015,57141175 137087,544167446 130146,884420804
73,7420744356683 5310413,35704777 148363,970910892 141472,67204134
74,8683875527972 5285731,25273819 160622,877609972 153895,869651841
76,0111558792112 5258746,30313517 173958,986782296 167544,710082534
77,1722705704743 5229204,61235953 188478,113196221 182567,274444254
78,3539508519264 5196815,21688272 204298,982744832 199135,800372447
79,5588246096328 5161242,19598182 221555,512842947 217452,291175229
80,7900364662422 5122094,31763896 240399,729893034 237755,952468003
82,0513958309236 5078911,14891811 261005,591224069 260333,259857823
83,3475847833718 5031143,94284798 283574,133254319 285531,923897701
84,6844585870322 4978128,53786651 308340,638345853 313780,823787643
86,0694954617383 4919045,53525839 335585,012154441 345619,452587168
87,5124988135265 4852859,19246893 365647,541324919 381743,266206148
89,0267528651956 4778218,48171422 398954,262669058 423077,255616721
90,6310571755925 4693285,51344487 436060,936918993 470903,549636144
92,3536457947156 4595409,61949928 477737,015470613 527103,365030108
94,2407593681094 4480423,68195158 525148,981768483 594677,336279939
96,3794515485899 4340794,49630784 580350,941853136 679104,561839029
98,5374900657552 4190769,21422405 636581,068335831 772899,717440119
100,606994311634 4039473,66204859 689823,077096524 870953,260854892
102,604107247273 3887926,19593451 739400,528268359 972923,275797136
104,575321397674 3734461,6280343 785471,543904314 1080316,82806139
106,571802452438 3576689,37641807 828133,096921892 1195427,52666004
108,650986454296 3411668,47230419 867189,171775703 1321392,35592011
110,800950528659 3242222,76753073 900786,423861957 1457240,80860732
112,95238236665 3075799,13786602 926689,29347082 1597761,56866317
115,103850913526 2914250,17185189 944363,330289687 1741636,49785843
117,277304317604 2757495,76646567 953676,367832935 1889077,86570139
119,501492936968 2605023,6560786 954462,989956694 2040763,35396471
121,808207614135 2456345,02875071 946426,628718463 2197478,34253082
124,197613773475 2313134,26799197 929445,917231904 2357669,81477613
126,515845829777 2184959,28089643 905603,076935962 2509687,64216761
128,75843981409 2071020,65096672 876726,085980591 2652503,2630527
130,959247459649 1968572,38867904 843886,302017613 2787791,30930335
133,154404458503 1875246,24187375 807696,22732514 2917307,53080111
135,376112666283 1789309,68739616 768539,575081586 3042400,73752226
137,654370522814 1709501,50170949 726673,43640462 3164075,06188589
140,020498243973 1634851,41851129 682257,976337317 3283140,60515139
142,511745366928 1564540,7032953 635344,122782658 3400365,17392204
145,178556945774 1497780,02167253 585817,543684786 3516652,43464269
148,099471744144 1433645,732238 533251,579519555 3633352,68824245
151,421644379652 1370698,52217205 476468,119838563 3753083,35798938
155,165616340895 1310692,57421762 417105,699713159 3872451,72606922
159,156261580961 1257450,97818167 359767,919355045 3983031,10246328
163,063667207132 1214217,96275516 309707,273063881 4076324,76418096
166,584474552624 1181536,95102563 269632,40500499 4149080,64396939
170,01493513428 1154495,87217003 234935,237725934 4210818,89010404
173,281021231306 1132487,43580472 205618,381519376 4262144,1826759
176,41713391725 1114285,4358893 180612,526686328 4305352,03742438
179,469693373192 1098940,02043952 158979,025979989 4342330,9535805
182,477306767307 1085798,29138047 140039,363069562 4374412,34554997
185,470942865433 1074407,63519125 123307,581758149 4402534,7830506
188,477669318651 1064440,60422781 108421,278585135 4427388,11718706
191,524807295678 1055647,68481723 95094,5838376755 4449507,73134509
194,645148842761 1047826,84059529 83085,8061343763 4469337,35327034
197,886540742973 1040798,78670705 72167,6721556539 4487283,5411373
200 1036744,41225515 65813,9231524732 4497691,66459238


0 5599750 500 0
0,0390649488056575 5599744,11428602 504,484290205657 1,40142377054258
0,0766922697375021 5599738,39527508 508,841568960362 2,76315596146727
0,120560229147766 5599731,66535798 513,969049025733 4,36559299686198
0,172544909359437 5599723,60238833 520,112170622351 6,28544105084183
0,233081830854712 5599714,09142107 527,358508167784 8,55007076210673
0,302099123652111 5599703,08636368 535,743177439919 11,170458880722
0,379340463795112 5599690,5623587 545,285115025743 14,1525262723186
0,464489931855118 5599676,49751268 556,000998927841 17,5014883930205
0,557220297841666 5599660,86591911 567,910564293629 21,2235165952042
0,657210823063587 5599643,63514407 581,038519073253 25,3263368588515
0,764153066554555 5599624,76543816 595,415144365191 29,8194174732512
0,877752120770003 5599604,20957757 611,076415488364 34,7140069467335
0,997726221313278 5599581,91290042 628,063974182482 40,0231254017241
1,12380587371527 5599557,8133719 646,425078950935 45,7615491503646
1,25573292278076 5599531,84161744 666,212579688453 51,9458028721666
1,39325970804659 5599503,92090488 687,484931168928 58,5941639501309
1,53614834073383 5599473,96707209 710,306248095858 65,7266798114839
1,68417009827355 5599441,88840183 734,746400330462 73,3651978419978
1,83710492011745 5599407,58544705 760,881145841199 81,5334071083175
1,99474098641 5599370,9508099 788,792298963606 90,2568911371006
2,1568743625839 5599331,8688769 818,567931973658 99,5631911295455
2,32330869546217 5599290,21551238 850,302608474182 109,481879145339
2,49385494903477 5599245,85771149 884,097647569741 120,044640939141
2,66833117039499 5599198,6532135 920,061418230092 131,285368265861
2,84656227828709 5599148,4500758 958,309663612364 143,240260587096
3,02837986834316 5599095,08620835 998,965855433745 155,947936212141
3,21362203041497 5599038,38886824 1042,16157876789 169,449552995504
3,40213317447998 5598978,17411332 1088,03694788762 183,788938791456
3,59376386246668 5598914,24621406 1136,74105400157 199,012731937229
3,7883706440364 5598846,39702196 1188,43244593842 215,170532101636
3,98581589491075 5598774,40529308 1243,27964502478 232,315061897018
4,18596765677083 5598698,0359647 1301,46169558595 250,502339710622
4,38869947809765 5598617,03938306 1363,16875267513 269,791864267894
4,59389025558973 5598531,15047969 1428,60270881033 290,246811495628
4,80142407599951 5598440,08789402 1497,97786167005 311,934244308246
5,01119005838377 5598343,55303913 1571,52162487236 334,925335996233
5,22308219687788 5598241,22910791 1649,47528413756 359,295607952582
5,43699920418463 5598132,78001615 1732,09480131499 385,125182531502
5,65284435602262 5598017,84927917 1819,65166893999 412,499051893994
5,87052533681426 5597896,05881806 1912,43381817992 441,50736375779
6,08995408690938 5597767,00769174 2010,74658322841 472,245725034755
6,31104665164688 5597630,27075017 2114,91372541738 504,815524407879
6,53372303255042 5597485,39720449 2225,27852053631 539,32427497251
6,75790704094275 5597331,90910878 2342,20491308002 575,88597814314
6,98352615424512 5597169,2997485 2466,07874139046 614,6215101081
7,21051137520728 5596997,03192988 2597,30903791589 655,659032200501
7,43879709428967 5596814,53616427 2736,32940908363 699,134426644924
7,66832095539489 5596621,20874119 2883,59949957126 745,191759236444
7,8990237251199 5596416,40968332 3039,60654606722 793,983770611717
8,13084916567507 5596199,46057618 3204,86702593611 845,67239788185
8,36374391159263 5595969,64226494 3379,92840654906 900,429328514126
8,59765735032246 5595726,19241012 3565,37100140486 958,436588474722
8,83254150679229 5595468,30289366 3761,80993955694 1019,88716677833
9,06835093198782 5595195,11706599 3969,89725527416 1084,98567873338
9,30504259559062 5594905,72682437 4190,32410530413 1153,9490703247
9,54257578269309 5594599,16951208 4423,82312157465 1227,00736633856
9,78091199459584 5594274,42462732 4671,17090766818 1304,40446501087
10,0200148536779 5593930,4103299 4933,19068793419 1386,39898216664
10,2598500123192 5593565,97973331 5210,75511867 1473,26514802058
10,5003850658434 5593179,91696857 5504,78927140315 1565,29376002464
10,7415894694416 5592770,93300567 5816,27379895056 1662,79319538074
10,9834344590287 5592337,6612173 6146,24829561514 1766,09048708611
11,2258929759797 5591878,65266874 6495,81486361161 1875,53246764743
11,468939595687 5591392,37111652 6866,14189859309 1991,48698488841
11,7125504598793 5590877,18769743 7258,46810798391 2114,34419458663
11,9567032126358 5590331,37528827 7674,10677671341 2244,51793501098
12,2013769400338 5589753,10251531 8114,4502958967 2382,44718879214
12,4465521133629 5589140,42739102 8580,97497102589 2528,59763794996
12,6922105358434 5588491,29055435 9075,24612732185 2683,46331832271
12,9383352927847 5587803,50808884 9598,9235310611 2847,5683801
13,1849107051266 5587074,7638914 10153,7671469387 3021,46896165532
13,4319222863035 5586302,60156273 10741,6432528624 3205,75518440904
13,6793567023818 5585484,41578796 11364,530935004 3401,05327703386
13,9272017354209 5584617,44317458 12024,52898747 3608,02783794454
14,1754462500151 5583698,7525117 12723,863242596 3827,38424569934
14,4240801629802 5582725,23441267 13464,8943596441 4059,87122768579
14,6730944161543 5581693,59030015 14250,1261015748 4306,28359827531
14,9224809522894 5580600,32068987 15082,2141316132 4567,46517851644
15,1722326940186 5579441,71272607 15963,9753635252 4844,31191040352
15,4223435258931 5578213,8269183 16898,3979018879 5137,77517981376
15,6728082794905 5576912,48302545 17888,6516111877 5448,86536336211
15,9236227216065 5575533,24502897 18938,0993553359 5778,6556156909
16,1747835455548 5574071,40513274 20050,3089521594 6128,28591510136
16,4262883656081 5572521,9667224 21229,0658906403 6498,96738696238
16,6781357146284 5570879,62621184 22478,3868621517 6891,98692601343
16,9303250449464 5569138,75369877 23802,5341607005 7308,71214053088
17,182856732567 5567293,37234536 25206,0310112704 7750,59664337183
17,4357320847899 5565337,13639304 26693,6778897906 8219,18571717034
17,6889533513557 5563263,30771347 28270,5699030686 8716,12238346124
17,9425237392439 5561064,73078945 29942,1153022686 9243,15390828238
18,1964474312718 5558733,80601088 31714,055209232 9802,13877988558
18,4507296086645 5556262,46116122 33592,484641167 10395,0541976149
18,7053764777929 5553642,12095912 35583,8749260559 11024,0041148296
18,9603953013024 5550863,6745084 37695,0976085877 11691,2278830149
19,2157944338883 5547917,4404964 39933,4499546091 12399,1095489899
19,4715833630049 5544793,12996645 42306,6821710813 13150,1878624706
19,7277727548366 5541479,80647433 44823,026468428 13947,1670572432
19,9843745058999 5537965,84342098 47491,2281030718 14792,9284759529
20,2414018006931 5534238,87833384 50320,5785500302 15690,5431161271
20,4988691758662 5530285,76384757 53320,9509687902 16643,2851836411
20,7567925914418 5526092,51510991 56502,8381405234 17654,6467495723
21,0151895096895 5521644,25331138 59877,3930711963 18728,3536174282
21,2740789823312 5516925,14500618 63456,4724735321 19868,3825202885
21,5334817468478 5511918,33685691 67252,6833613686 21078,9797817236
21,7934203327562 5506605,88539628 71279,4330130185 22364,6815907025
22,0539191788442 5500968,68135435 75550,982586194 23730,3360594534
22,3150047624845 5494986,36804893 80082,504696309 25181,1272547654
22,5767057423048 5488637,2532789 84890,1453030768 26722,601418021
22,8390531156671 5481898,21409422 89991,0902878835 28360,6956178956
23,1020803926215 5474744,59373996 95403,6371471962 30101,7691128482
23,3658237882378 5467150,08998476 101147,272276149 31952,6377390924
23,6303224355032 5459086,63394278 107242,754372521 33920,6116847005
23,8956186213043 5450524,25838102 113712,2045559 36013,5370630799
24,1617580484037 5441430,95436776 120579,203871458 38239,8417607865
24,4287901267791 5431772,51495821 127868,898934439 40608,5861073496
24,6967682982428 5421512,36442669 135608,116572555 43129,5190007592
24,9657503989059 5410611,3713338 143825,488441871 45813,1402243293
25,2357990648334 5399027,64345646 152551,586731211 48670,7698123264
25,5069821871674 5386716,30229751 161819,072235066 51714,6254674289
25,7793734241258 5373629,23452044 171662,856271249 54957,9092083086
26,0530527786495 5359714,81720827 182120,278154315 58414,9046374182
26,328107252141 5344917,61330535 193231,300218279 62101,0864763692
26,6046315867778 5329178,03294528 205038,722724186 66033,2443305378
26,8827291114101 5312431,95556441 217588,421404975 70229,6230306145
27,1625127091721 5294610,30671262 230929,610911472 74710,0823759143
27,444105928848 5275638,58224674 245115,138055513 79496,2796977508
27,7276442669387 5255436,31106221 260201,809533346 84611,879404441
28,0132766535987 5233916,445592 276250,7598008 90082,794607202
28,3011671835512 5210984,66685844 293327,866023143 95937,4671184139
28,591497143317 5186538,58773588 311504,218621825 102207,1936423
28,8844673993784 5160466,83404056 330856,65800396 108926,507955478
29,1803012293324 5132647,97779095 351468,390751285 116133,63145777
29,4792477011995 5102949,29002389 373429,702093414 123871,007882696
29,7815857370558 5071225,2712672 396838,786225178 132185,942507625
30,08762903924 5037315,905218 421802,722429442 141131,372352554
30,3977321153087 5001044,56397871 448438,63374421 150766,802277081
30,7122977187987 4962215,46927974 476875,077133997 161159,453586262
31,031786137663 4920610,58029202 507253,731429164 172385,688278819
31,3567269281308 4875985,72992703 539731,474253099 184532,795819868
31,6877339362303 4828065,75997452 574482,975891663 197701,264133823
32,0255248176131 4776538,29794689 611703,993372064 212007,708681045
32,3709468354097 4721045,65293766 651615,633450054 227588,713612287
32,7250116201019 4661174,04542643 694469,98900051 244605,965573057
33,0889430592063 4596438,95647466 740557,776340522 263253,267184815
33,4642450116253 4526264,65194143 790218,981406523 283766,366652046
33,8528000364053 4449954,64190627 843858,200640655 306437,157453081
34,2570187432253 4366647,41408954 901967,635183753 331634,950726704
34,6800761462529 4275246,96309123 965163,240981921 359839,795926848
35,1263074941439 4174307,28943303 1034245,03084418 391697,679722795
35,6019216445212 4061825,53565787 1110305,60815955 428118,856182585
36,1164209391721 3934832,40553394 1194946,47796743 470471,116498628
36,6858624454733 3788455,46451871 1290776,91373967 521017,621741621
37,2980771491549 3625213,00693032 1395292,14976393 579744,843305752
37,9036591728611 3458947,57587791 1498959,183607 642343,2405151
38,4953467496761 3293191,874918 1599238,50366367 707819,621418332
39,0806174833411 3127355,51595255 1696181,87656011 776712,607487343
39,6708002858936 2959614,54847344 1790417,47982377 850217,971702791
40,2790044490224 2787671,54148881 1882556,81939795 930021,639113242
40,9173056243066 2609800,98824834 1972516,43170128 1017932,58005038
41,5491618156914 2437833,391692 2053597,69141387 1108818,91689413
42,1683854402653 2274561,25156163 2124439,2866441 1201249,46179427
42,7791964936865 2119649,83720349 2185301,934794 1295298,22800251
43,387996154073 1972134,88383499 2236637,62579041 1391477,4903746
44,000979736064 1831164,67460492 2278721,79824333 1490363,52715176
44,6237820550278 1696128,58812479 2311619,53096931 1592501,8809059
45,2616842328256 1566621,32555001 2335224,39781749 1698404,2766325
45,9199285168658 1442382,94861508 2349297,21516486 1808569,83622006
46,5892987742127 1325710,31082755 2353506,70215728 1921032,98701517
47,25003111119 1219824,90705554 2348405,30603408 2032019,78691038
47,90124129437 1124106,70879398 2335166,74454897 2140976,54665706
48,5388905729084 1038257,41503717 2315090,92974422 2246901,65521861
49,1504868687166 962798,471538181 2289944,67748607 2347506,85097575
49,738632725207 896176,84457999 2260959,03807617 2443114,11734384
50,3089561962517 836761,153750987 2228910,36236571 2534578,48388331
50,8666340047939 783254,539358076 2194310,05997559 2622685,40066634
51,4157852092663 734682,475506144 2157523,96917127 2708043,55532258
51,9596056215189 690310,140922658 2118833,97024096 2791105,88883639
52,5006114511457 649571,194488487 2078469,06773242 2872209,7377791
53,0408419559996 612017,873520835 2036621,94235064 2951610,18412852
53,5820042784481 577287,694874716 1993458,60600118 3029503,6991241
54,1255729516346 545081,207569674 1949124,60036301 3106044,19206732
54,6728583669031 515146,821606507 1903749,30436379 3181353,87402971
55,2250548314315 487270,179234638 1857449,10303874 3255530,71772663
55,7832752712348 461266,500344361 1810329,81194205 3328653,68771359
56,3485771054279 436974,926873021 1762488,58442773 3400786,48869925
56,9219821907549 414254,248073786 1714015,44461656 3471980,30730966
57,5044927202454 392979,604691605 1664994,54178014 3542275,85352825
58,0971043280158 373039,903579908 1615505,19323747 3611704,90318263
58,7008172546948 354335,758774256 1565622,76421758 3680291,47700817
59,316646173587 336777,829919338 1515419,42040259 3748052,74967808
59,9456291119588 320285,465508524 1464964,7798537 3814999,75463777
60,5888357920624 304785,583332512 1414326,48447738 3881137,93219011
61,247375642965 290211,737907502 1363570,70632263 3946467,55576987
61,9224056847759 276503,336991399 1312762,60030019 4010984,06270841
62,6151384539211 263604,978209759 1261966,71202956 4074678,30976069
63,3268501169339 251465,883351803 1211247,34720871 4137536,76943949
64,0588889078276 240039,412760288 1160668,90699059 4199541,68024912
64,8126840186584 229282,645901746 1110296,1922167 4260671,16188155
65,5897550733368 219156,01699338 1060194,6779111 4320899,30509552
66,3917223206738 209622,996709536 1010430,75811401 4380196,24517645
67,220317694091 200649,812657961 961071,959887238 4438528,2274548
68,0773969028665 192205,202622078 912187,124126096 4495857,67325183
68,964952744163 184260,195596771 863846,549651001 4552143,25475223
69,8851298577843 176787,916465697 816122,095927373 4607339,98760693
70,8402411886219 169763,410825956 769087,238692434 4661399,35048161
71,8327864777235 163163,486997717 722817,07178454 4714269,44121774
72,8654731753581 156966,572690154 677388,247625619 4765895,17968423
73,9412402629371 151152,584152862 632878,848167876 4816218,56767926
75,0632855911479 145702,805941179 589368,177767034 4865179,01629179
76,2350974969252 140599,779678143 546936,469484167 4912713,75083769
77,4604916620693 135827,200416266 505664,496852806 4958758,30273093
78,7157581008431 131461,362398696 466470,274425615 5002318,36317569
79,9725809641329 127554,425884985 430151,263776756 5042544,31033826
81,2222768019888 124073,889190744 396744,380850582 5079431,72995868
82,4631731543578 120969,130717428 366060,307715314 5113220,56156726
83,6958434052957 118191,316391607 337864,048080042 5144194,63552835
84,9214377355729 115698,002956334 311929,230742453 5172622,76630121
86,1411390299571 113453,292373464 288051,265868151 5198745,44175839
87,356009125031 111426,923618396 266048,118768646 5222774,95761296
88,566963544535 109593,272617681 245757,905376504 5244898,82200582
89,7747842713388 107930,495410687 227036,075606775 5265283,42898254
90,9801406080152 106419,840432044 209752,911033197 5284077,24853476
92,1836090300399 105045,105021703 193791,451611225 5301413,44336707
93,3856898644004 103792,205217973 179045,804157742 5317411,99062429
94,5868207631468 102648,832635492 165419,757700133 5332181,40966438
95,7873874827014 101604,178258171 152825,638838275 5345820,18290356
96,9877325244863 100648,708021219 141183,354517305 5358417,93746148
98,1881621068143 99773,9788655049 130419,582332977 5370056,43880152
99,3889518365541 98972,4867402433 120467,078337389 5380810,43492237
100,590351362578 98237,54006967 111264,079606063 5390748,38032427
101,792588225839 97563,1536983635 102753,784174883 5399933,06212675
102,995871070427 96943,959442455 94883,8948890532 5408422,14566849
104,200392342245 96375,1302089167 87606,2166249199 5416268,65316616
105,406330573796 95852,3152785345 80876,2985343203 5423521,38618715
106,613852332297 95371,5848336863 74653,1146209961 5430225,30054532
107,823113892241 94929,3821877942 68898,7772311903 5436421,84058102
109,034262681183 94522,4824667109 63578,279026654 5442149,23850664
110,247438537971 94147,9567232892 58659,2597801466 5447442,78349657
111,4627748152 93803,1406496281 54111,7949435495 5452335,06440682
112,68039935188 93485,6071978918 49908,2034253396 5456856,18937677
113,900435337644 93193,1425383394 46022,8724058042 5461033,98505586
115,123002086208 92923,7248784699 42432,0973362495 5464894,17778528
116,348215732851 92675,5057447188 39113,9355285861 5468460,5587267
117,576189868332 92446,7933915705 36048,0719562149 5471755,13465222
118,807036119788 92236,0380551136 33215,6960654396 5474798,26587945
120,040864687619 92041,8188111512 30599,3885458781 5477608,79264297
121,27778484614 91862,8318337427 28183,0171341577 5480204,1510321
122,517905414802 91697,8798798514 25951,6406319361 5482600,47948821
123,761335205959 91545,8628507047 23891,4204104681 5484812,71673883
125,008183454561 91405,7693014171 21989,538752275 5486854,69194631
126,258560234623 91276,6687880726 20234,1234481742 5488739,20776375
127,512576866974 91157,7049563953 18614,1781267551 5490478,11691685
128,77034632248 91048,0892888036 17119,5178447709 5492082,39286643
130,031983624778 90947,095437428 15740,7095120154 5493562,19505056
131,297606256429 90854,0540798823 14469,0167640219 5494926,9291561
132,567334572392 90768,3482424626 13296,3489311367 5496185,3028264
133,84129222476 90689,4090422235 12215,2137838305 5497345,37717395
135,119606602828 90616,7118052139 11218,6737620521 5498414,61443274
136,402409292766 90549,7725231902 10300,3054214542 5499399,92205536
137,689836561455 90488,1446154898 9454,16185179758 5500307,69353272
138,982029869426 90431,4159665296 8674,73784310472 5501143,84619037
140,27913641833 90379,2062126934 7956,93759343088 5501913,85619388
141,581309738937 90331,1642552412 7296,04476870826 5502622,79097605
142,888710326431 90286,9659783916 6687,69474017096 5503275,33928144
144,201506330626 90246,3121539286 6127,84883857015 5503875,8390075
145,519874309833 90208,926515621 5612,77047687876 5504428,3030075
146,844000058412 90174,553988447 5139,00300459333 5504936,44300696
148,174079519609 90142,9590591212 4703,3491671776 5505403,6917737
149,51031979724 90113,924275753 4302,85205375498 5505833,22367049
150,8529402821 90087,2488656424 3934,77742492995 5506227,97370943
152,202173911837 90062,7474612715 3596,59732067704 5506590,65521805
153,558268586568 90040,2489254795 3285,97485564576 5506923,77621888
154,921488766813 90019,5952676421 3000,75011605008 5507229,65461631
156,292117285718 90000,6406434215 2738,92707859252 5507510,43227799
157,670457414219 89983,2504313156 2498,66147766283 5507768,08809102
159,056835226218 89967,300379837 2278,24955238884 5508004,45006778
160,451602321483 89952,6758196817 2076,11761003994 5508221,20657028
161,855138977542 89939,2709357373 1890,81234682196 5508419,91671744
163,267857819286 89926,9880942067 1720,99187128359 5508602,02003451
164,690208117606 89915,7372205197 1565,4173794025 5508768,84540008
166,122680858013 89905,4352240521 1422,94543395048 5508921,619342
167,565814759442 89896,0054659885 1292,52080396595 5509061,47373005
169,020203475934 89887,3772669479 1173,16982309314 5509189,45290996
170,486504285138 89879,4854512377 1063,99422817895 5509306,52032059
171,96544866549 89872,2699248245 964,165441833118 5509413,56463335
173,45785530049 89865,6752842904 872,919264621959 5509511,40545109
174,964646242278 89859,6504541975 789,550944113072 5509600,79860169
176,486867246493 89854,1483503834 713,410589005638 5509682,44106061
178,025713702749 89849,1255667626 643,89889687 5509756,97553637
179,582564206618 89844,5420831733 580,463163240855 5509824,99475359
181,159024779972 89840,3609916513 522,593537359786 5509887,04547099
182,756988275767 89836,5482381559 469,819484657943 5509943,63227719
184,378716018804 89833,0723760622 421,706406070917 5509995,22121787
186,026953033023 89829,9043263918 377,852345499492 5510042,24332811
187,705095891104 89827,0171371809 337,884680967899 5510085,09818185
189,417446716358 89824,3857292874 301,456624330773 5510124,15764639
191,169616039354 89821,986605261 268,2432064238 5510159,77018832
192,969200875165 89819,7974737449 237,936090018759 5510192,26643624
194,82701853396 89817,7966813288 210,235714439328 5510221,96760423
196,759605797725 89815,9621691071 184,83685722639 5510249,20097367
198,795152819664 89814,2690542707 161,395155965903 5510274,33578977
200 89813,3699790564 148,946987343364 5510287,6830336


0 5599750 500 0
0,0176248218150906 5599744,68808904 504,679512073262 0,632398884089298
0,0344977580386946 5599739,55622013 509,200416080478 1,24336379472076
0,0519854968573063 5599734,18884583 513,928787216959 1,88236694950262
0,0716021743444638 5599728,10872571 519,285048760669 2,6062255250521
0,0937669511332117 5599721,16255563 525,40425317184 3,43319119889435
0,118561379281857 5599713,29525482 532,334923257636 4,36982192374057
0,145948041473159 5599704,48477277 540,096483870781 5,41874336161688
0,175848415003752 5599694,71887762 548,699710087061 6,58141229560947
0,208172016312364 5599683,98648325 558,154367578084 7,85914917116105
0,242827180067718 5599672,27446022 568,472022005429 9,2535177703712
0,279724809996505 5599659,56654233 579,667002278219 10,7664553966562
0,318779472934729 5599645,84301863 591,756671827269 12,400309544368
0,359909524650382 5599631,08070353 604,76145499673 14,1578414755771
0,403036912938563 5599615,25299045 618,704789714857 16,0422198352444
0,448086899066543 5599598,32991692 633,613070166098 18,0570129164402
0,494987783049269 5599580,2782157 649,515601715498 20,2061825827656
0,543670659243358 5599561,06134466 666,444574614207 22,4940807304216
0,594069207063542 5599540,63949431 684,435057286913 24,9254483982876
0,646119514218027 5599518,96957451 703,525008110259 27,5054173787389
0,699759927815705 5599496,00518174 723,755304138166 30,2395141207068
0,754930928586327 5599471,69654899 745,169785287625 33,1336657242989
0,811575023968183 5599445,99047943 767,815312713668 36,1942078553913
0,869636656469634 5599418,83026521 791,74184034378 39,427894441273
0,929062124332622 5599390,15559219 817,002498766353 42,8419090387659
0,989799512066954 5599359,90243134 843,653690862703 46,443877792614
1,05179862887807 5599328,00291734 871,755198737999 50,2418839243755
1,11501095338534 5599294,38521464 901,370301646361 54,244483710992
1,17938958333523 5599258,97337135 932,565904724091 58,460723928291
1,24488918926515 5599221,6871608 965,412678446414 62,900160748421
1,31146597127968 5599182,4419111 999,985208810692 67,572880092099
1,37907761826853 5599141,14832223 1036,36215832542 72,4895194469206
1,44768326903369 5599097,71227088 1074,6264379522 77,6612911722068
1,51724347490556 5599052,03460247 1114,86539020873 83,1000073191478
1,5877201635198 5599004,0109103 1157,1709836964 88,8181060025667
1,65907660350174 5598953,53130126 1201,64001936724 94,8286793676353
1,73127736986613 5598900,4801479 1248,37434889331 101,145503201457
1,80428830998984 5598844,73582621 1297,48110554742 107,783068245719
1,87807651005509 5598786,17043868 1349,07294804806 114,75661327268
1,95261026189274 5598724,64952214 1403,26831786456 122,082159992651
2,02785903018108 5598660,03173961 1460,19171052067 129,776549867003
2,10379341997578 5598592,16855562 1519,97396147744 137,857482906543
2,180385144562 5598520,90389424 1582,75254721758 146,343558540951
2,25760699363231 5598446,07377915 1648,67190219732 155,254318650906
2,33543280180265 5598367,50595476 1717,88375237424 164,610292860569
2,41383741748504 5598285,01948774 1790,54746606449 174,433046194259
2,49279667214074 5598198,42434786 1866,83042292821 184,745229207558
2,57228734993954 5598107,52096736 1946,90840192871 195,570630709608
2,65228715785321 5598012,09977764 2030,96598915993 206,934233200227
2,73277469621093 5597911,94072236 2119,19700648656 218,862271152511
2,81372942974445 5597806,81274573 2211,80496199395 231,382292279003
2,89513165914954 5597696,47325477 2309,003523299 244,523221927169
2,97696249318882 5597580,66755441 2411,01701483038 258,315430758012
3,05920382135915 5597459,12825388 2518,08094024552 272,790805870065
3,14183828714442 5597331,57464324 2630,44253121367 287,982825539805
3,22484926187285 5597197,71203838 2748,36132385995 303,926637758901
3,30822081919472 5597057,23109301 2872,10976423215 320,659142758315
3,39193771019467 5596909,80707605 3001,97384422448 338,219079719631
3,47598533915016 5596755,09911265 3138,25376946636 356,647117884698
3,56034973994508 5596592,74938695 3281,26466076324 375,985952286022
3,64501755314567 5596422,38230491 3431,33729075836 396,280404332285
3,72997600374334 5596243,60361493 3588,81885757158 417,577527495977
3,81521287956736 5596055,99948437 3754,07379726117 439,926718363359
3,90071651036822 5595859,13552963 3927,48463705125 463,379833321037
3,98647574757079 5595652,55579746 4109,45289136697 487,991311168135
4,07247994469491 5595435,78169521 4300,40000282561 513,818301958723
4,15871893843943 5595208,31086716 4500,76833044276 540,920802395571
4,24518303042455 5594969,61601445 4711,02218742983 569,361798113795
4,33186296958596 5594719,14365571 4931,64893108183 599,207413211296
4,41874993521355 5594456,31282521 5163,16010738421 630,527067402423
4,50583552062628 5594180,5137057 5406,09265310393 663,393641191874
4,59311171747412 5593891,10619224 5661,01015827327 697,883649487659
4,68057090065737 5593587,41838378 5928,50419212651 734,077424095014
4,76820581385312 5593268,74499873 6209,19569570903 772,05930555769
4,85600955563823 5592934,34571061 6503,73644454634 811,91784483891
4,94397556619767 5592583,4433997 6812,81058493768 853,746015361792
5,03209761460717 5592215,22231641 7137,13624762564 897,641435958209
5,12036978667866 5591828,8261519 7477,46724279011 943,706605305979
5,20878647335727 5591423,35601101 7834,59484052315 992,04914846723
5,29734235965824 5590997,86828266 8209,34964115982 1042,78207617553
5,38603241413266 5590551,37240237 8602,60354007202 1096,02405755662
5,47485187885068 5590082,82850121 9015,27179177692 1151,89970700709
5,56379625989145 5589591,14493553 9448,31517846846 1210,53988599694
5,6528613183289 5589075,17569104 9902,74228835442 1272,08202060731
5,74204306170312 5588533,71765487 10379,6119094682 1336,67043566154
5,83133773596745 5587965,50774871 10880,03554493 1404,45670635905
5,92074181790147 5587369,21991567 11405,1800559526 1475,60002837515
6,01025200798103 5586743,46195332 11956,2704392286 1550,26760744798
6,09986522369651 5586086,77218477 12534,592745696 1628,63506953524
6,18957859331148 5585397,61595925 13141,4971480588 1710,88689268917
6,27938945005403 5584674,38197328 13778,4011648453 1797,21686186878
6,36929532673389 5583915,3784028 14446,7930492118 1887,82854798353
6,45929395077934 5583118,8288363 15148,2353511559 1982,93581254344
6,54938323968802 5582282,86799834 15884,3686622794 2082,76333937684
6,639561296887 5581405,53725227 16656,9155527556 2187,5471949697
6,72982640799777 5580484,77987023 17467,6847106924 2297,53541908003
6,82017703750313 5579518,43605795 18318,5752946606 2412,98864738732
6,91061182581308 5578504,23772119 19211,5815107608 2534,18076805179
7,00112958672827 5577439,80295956 20148,7974262602 2661,39961418193
7,09172930530011 5576322,63027315 21132,4220325085 2794,94769434116
7,18241013608783 5575150,09246604 22164,7645705871 2935,14296336808
7,27317140181343 5573919,43023014 23248,2501339174 3082,31963593873
7,36401259241677 5572627,74539164 24385,4255628936 3236,82904546619
7,45493336451412 5571271,9938014 25578,9656474886 3399,04055111278
7,54593354126444 5569848,97784938 26831,6796547302 3569,34249588486
7,63701311264903 5568355,33858205 28146,5181989544 3748,1432189906
7,72817223617146 5566787,5474003 29526,5804738254 3935,8721258702
7,81941123798603 5565141,89731418 30975,1218662637 4132,98081955484
7,91073061446441 5563414,49372906 32495,5619736627 4339,94429728008
8,00213103421166 5561601,24473633 34091,4930470965 4557,26221657141
8,09361334054461 5559697,85088002 35766,6888846423 4785,46023533794
8,18517855444722 5557699,79436868 37525,1142004654 5025,09143085623
8,27682787801938 5555602,32770015 39370,9344969482 5276,73780290417
8,36856269843791 5553400,46166437 41308,5264689075 5541,01186671714
8,46038459245046 5551088,95268727 43342,4889708378 5818,5583418894
8,55229533142547 5548662,28947601 45477,6545801559 6110,05594383667
8,64429688698414 5546114,67892339 47719,1017916287 6416,21928497624
8,73639143724291 5543440,03122608 50072,1678805418 6737,80089337408
8,82858137369817 5540631,94416801 52542,4624747351 7075,5933572588
8,92086930878835 5537683,68651706 55135,8818784226 7430,43160451902
9,01325808417197 5534588,18047919 57858,6241937216 7803,19532708853
9,10575077976455 5531337,9831499 60717,2052891037 8194,81156099381
9,19835072358156 5527925,26689867 63718,475667535 8606,25743379838
9,2910615024395 5524341,7986168 66869,6382909551 9038,56309224044
9,38388697357265 5520578,91775399 70178,2674219728 9492,81482403604
9,47683127722894 5516627,5130626 73652,3285482757 9970,15838912486
9,56989885031505 5512477,99796261 77300,1994603028 10471,8025770834
9,66309444116822 5508120,28443269 81130,6925582695 10999,0230090435
9,75642312554042 5503543,75532504 85153,0784707128 11553,16620425
9,84989032388965 5498737,2349932 89377,111073404 12135,6539333947
9,94350182008332 5493688,95811204 93813,0540048509 12747,9878831068
10,0372637816303 5488386,53655877 98471,7087827389 13391,7546584912
10,1311827815707 5482816,92421192 103364,444634657 14068,6311534195
10,2252658221672 5476966,37951212 108503,230166429 14780,3903214489
10,3195203605578 5470820,42561374 113900,667002451 15528,9073838067
10,4139543365483 5464363,80794032 119570,025544769 16316,1665149046
10,5085762027436 5457580,44893819 125525,283011417 17144,2680503958
10,6033949572408 5450453,39980213 131781,163929923 18015,4362679438
10,6984201791326 5442964,7889241 138353,183279175 18932,0277967258
10,7936620671027 5435095,76678934 145257,692492303 19896,5407183578
10,8891314814262 5426826,44701538 152511,928555087 20911,624429527
10,9848399897312 5418135,84319545 160134,066459239 21980,0903453096
11,0807999169223 5409001,80116992 168143,275297962 23104,9235321149
11,1770243997192 5399400,92630619 176559,77832316 24289,2953706448
11,2735274463248 5389308,5053174 185404,917320145 25536,5773624528
11,37032400181 5378698,42209367 194701,221697387 26850,3562089372
11,4674300198798 5367543,06695391 204472,48273682 28234,4503092692
11,5648625417862 5355813,23865027 214743,833505425 29692,9278443038
11,6626397832613 5343478,03836984 225541,834992685 31230,1266374751
11,7607812304774 5330504,75487556 236894,569112724 32850,6760117086
11,8593077461924 5316858,73980941 248831,739296304 34559,5208942864
11,9582416874251 5302503,27204054 261384,779499079 36361,9484603798
12,0576070362164 5287399,4097768 274586,972571376 38263,617651825
12,1574295452925 5271505,82896277 288473,579075058 40270,5919621671
12,2577369007533 5254778,64625651 303081,977799541 42389,3759439437
12,3585589042758 5237171,22460075 318451,819427309 44626,955971936
12,4599276777719 5218633,95907349 334625,195036824 46990,8458896814
12,5618778939757 5199114,04030351 351646,821416828 49489,138279661
12,6644470370951 5178555,19225267 369564,245512305 52130,5622350205
12,7676756984697 5156897,38057703 388428,07074434 54924,5486786309
12,8716079131691 5134076,48705532 408292,20846304 57881,3044816403
12,9762915446971 5110023,94468069 429214,158430535 61011,8968887697
13,0817787265084 5084666,32690175 451255,323023242 64328,3500750093
13,1881263709742 5057924,88311018 474481,36083382 67843,7560559971
13,2953967588814 5029715,01072063 498962,586603204 71572,402676161
13,4036582256746 4999945,65196088 524774,426002231 75529,9220368861
13,5129859646685 4968518,60063361 551997,9358209 79733,4635454856
13,6234629726791 4935327,70041251 580720,402762582 84201,8968249093
13,7351811703694 4900257,91139908 611036,037492829 88956,0511080929
13,8482427386764 4863184,21527507 643046,785156889 94018,9995680381
13,9627617248519 4823970,32083875 676863,279686722 99416,3994745256
14,0788659881512 4782467,12014161 712605,977492087 105176,902366299
14,1966995779101 4738510,82955882 750406,517495909 111332,652945272
14,3164256684395 4691920,72799698 790409,370323876 117919,90167914
14,4382302201259 4642496,37310237 832773,861928527 124979,764969102
14,5623266010532 4590014,13113835 877676,689368601 132559,179493048
14,688961499109 4534222,78971348 925315,094250661 140712,116035858
14,8184225985822 4474837,9225209 975910,931328567 149501,146150527
14,9510487176662 4411534,52096881 1029715,98096807 158999,498063121
15,0872434564721 4343937,16276299 1087019,03095093 169293,806286077
15,2274939843953 4271606,58624208 1148155,54333336 180487,870424558
15,3723975815782 4194020,85658917 1213521,21681479 192707,926596034
15,5227003017121 4110548,0968656 1283591,63607931 206110,267055093
15,6793554030349 4020405,48670344 1358951,85174651 220892,661550054
15,8436157247487 3922594,71092014 1440343,03238199 237312,256697868
16,0171882238349 3815794,32046943 1528740,4387385 255715,240792066
16,2025121431538 3698166,43168113 1625493,86446141 276589,70385746
16,4033118604521 3566973,09978495 1732607,35731364 300669,542901414
16,6258642924985 3417697,34062376 1853382,89158323 329169,767793003
16,8623091687048 3255589,64498443 1983094,80929433 361565,545721236
17,0984847090285 3091165,84621391 2112968,48973517 396115,664050916
17,3326861534516 2926829,01874124 2240886,09033339 432534,890925366
17,5677483523115 2761809,20607511 2367216,73109374 471224,062831147
17,8081039416743 2594245,55176639 2493053,45329051 512950,9949431
18,0522538609804 2426519,21979938 2616221,05245184 557509,727748775
18,299753132203 2260283,85684571 2735144,72271273 604821,420441561
18,5463841073654 2099553,89643035 2846697,63709696 653998,466472693
18,7884282807964 1947530,79692088 2948612,38589967 704106,817179446
19,0268241450919 1804078,26802297 3041056,69605626 755115,03592077
19,263644912467 1668305,87605759 3124668,54208686 807275,581855541
19,5009816051171 1539374,08442281 3199978,81735893 860897,098218261
19,7407103486192 1416657,11097819 3267312,30360353 916280,58541828
19,9845201528988 1299724,72637642 3326813,7137261 973711,559897472
20,1987283885105 1203543,70276736 3371740,41727503 1024965,8799576
20,3949423964704 1120758,42305084 3407016,30949137 1072475,26745779
20,5872400498622 1044458,7591544 3436311,84798286 1119479,39286274
20,771228959407 975818,016154687 3459634,31251579 1164797,67132952
20,9469584372457 914118,432621194 3477790,25772263 1208341,30965618
21,1156355068493 858320,27391007 3491600,17415911 1250329,55193082
21,2785353134579 807500,205273709 3501731,19552006 1291018,59920623
21,4367302920826 760919,522109257 3508701,67228641 1330628,80560433
21,5910708480185 717998,474256354 3512916,20144738 1369335,32429627
21,7422259159609 678278,096148611 3514696,77292541 1407275,13092598
21,8907272610721 641388,686242345 3514305,26061213 1444556,05314552
22,0370047532157 607026,863821074 3511958,90315292 1481264,23302601
22,181412124331 574939,382477197 3507840,97611223 1517469,64141057
22,324245361052 544911,680277491 3502108,29514414 1553230,02457837
22,4657558795613 516759,649677527 3494896,62515127 1588593,7251712
22,606160095213 490323,598919011 3486324,67864259 1623601,72243839
22,7456464991019 465463,727336696 3476497,13951273 1658289,13315057
22,8843809891782 442056,667634914 3465506,99624103 1692686,33612406
23,0225109581582 419992,796169052 3453437,37404611 1726819,82978484
23,1601684794396 399174,107341257 3440362,99574677 1760712,89691197
23,2974728266728 379512,510132691 3426351,36230261 1794386,1275647
23,434532492731 360928,445875252 3411463,71821419 1827857,83591055
23,5714468267951 343349,754185795 3395755,84939037 1861144,39642383
23,7083073760691 326710,733209965 3379278,74885562 1894260,51793442
23,8451989961861 310951,353862722 3362079,17698338 1927219,46915389
23,9822007784401 296016,597458046 3344200,13666501 1960033,26587694
24,1193868304918 281855,893189732 3325681,27921705 1992712,82759321
24,2568269387921 268422,637150106 3306559,25340054 2025268,10944935
24,3945871347325 255673,778486725 3286868,0073404 2057708,21417287
24,5327301818457 243569,46126378 3266639,05116066 2090041,48757556
24,6713159978194 232072,712868893 3245901,68663033 2122275,60050077
24,8104020223556 221149,171567023 3224683,20893078 2154417,61950219
24,9500435397853 210766,847179776 3203009,08472465 2186474,06809557
25,0902939636938 200895,909953923 3180903,10996912 2218450,98007696
25,2312050895015 191508,503545958 3158387,55032721 2250353,94612683
25,3728273199096 182578,578740666 3135483,26655697 2282188,15470236
25,5152098672848 174081,745079366 3112209,8268744 2313958,42804623
25,658400936391 165995,138026191 3088585,60797297 2345669,25400084
25,8024478903291 158297,299670787 3064627,88612573 2377324,81420348
25,9473974021087 150968,071269816 3040352,9195843 2408929,00914588
26,0932955939074 143988,496180957 3015776,023313 2440485,48050605
26,2401881657785 137340,731951817 2990911,6369503 2471997,63109788
26,3881205153213 131007,970500444 2965773,38676675 2503468,6427328
26,5371378496211 124974,365470266 2940374,14228538 2534901,49224435
26,6872852905974 119224,965965444 2914726,06814333 2566298,96589123
26,8386079747562 113745,655976771 2888840,67169951 2597663,67232372
26,9911511482223 108523,098896769 2862728,84682978 2628998,05427345
27,1449602578279 103544,686598055 2836400,91429746 2660304,39910448
27,3000810389504 98798,4926136478 2809866,65904055 2691584,8483458
27,4565596007202 94273,2290133264 2783135,36467734 2722841,40630934
27,6144425091632 89958,2066179356 2756215,84549755 2754075,94788451
27,7737768687889 85843,2982348451 2729116,47617656 2785290,22558859
27,9346104030984 81918,9046335803 2701845,21942412 2816485,8759423
28,0969915344485 78175,9230117837 2674409,65175674 2847664,42523148
28,2609694636837 74605,7177288369 2646816,98756304 2878827,29470813
28,4265942499208 71200,0931082161 2619074,10161423 2909975,80527755
28,5939168908582 67951,2681304863 2591187,55015684 2941111,18171268
28,7629894039634 64851,8528571358 2563163,59071132 2972234,55643154
28,9338649088849 61894,8264415838 2535008,20068895 3003346,97286947
29,1065977114283 59073,5165979364 2506727,09492853 3034449,38847354
29,2812433894307 56381,5804106697 2478325,74224589 3065542,67734344
29,4578588808695 53812,9863796068 2449809,3810808 3096627,6325396
29,6365025745428 51361,9976044902 2421183,03431883 3127704,96807668
29,8172344036632 49023,1560223145 2392451,52335974 3158775,32061794
30,000115942715 46791,2676184746 2363619,48149781 3189839,25088372
30,1852105079344 44661,3885398674 2334691,36667524 3220897,24478489
30,3725832617847 42628,812044403 2305671,47366501 3251949,71429059
30,5623013218131 40689,0562270697 2276563,94573574 3282996,99803719
30,7544338742951 38837,8524678074 2247372,78584804 3314039,36168416
30,9490522930897 37071,1345510364 2218101,86742835 3345076,99802061
31,1462302641541 35385,028410849 2188754,94476431 3376110,02682484
31,3460439161909 33775,8424596124 2159335,66306279 3407138,4944776
31,5485719579313 32240,0584611281 2129847,56821023 3438162,37332864
31,7538958225868 30774,3229125679 2100294,11627326 3469181,56081418
31,962099820042 29375,4389021934 2070678,68277575 3500195,87832206
32,1732712973957 28040,3584124086 2041004,57178798 3531205,06979961
32,3875008085035 26766,1750399986 2011275,02486216 3562208,80009784
32,6048822932229 25550,1171075132 1981493,22984804 3593206,65304444
32,8255132671109 24389,5411416747 1951662,32962215 3624198,12923618
33,0494950223862 23281,9256964443 1921785,43076338 3655182,64354017
33,2769328410267 22224,8654999857 1891865,61220825 3686159,52229176
33,5079362209436 21216,0659062361 1861905,9339187 3717128,00017506
33,742619116249 20253,3376331455 1831909,44559605 3748087,2167708
33,9811001927162 19334,5917708803 1801879,19547514 3779036,21275398
34,2235030996225 18457,8350444298 1771818,23923314 3809973,92572243
34,4699567592623 17621,1653161018 1741729,64904896 3840899,18563494
34,7205956755296 16822,7673143576 1711616,52284967 3871810,70983597
34,9755602630851 16060,9085763302 1681481,9937821 3902707,09764157
35,2349971987558 15333,9355921905 1651329,23994902 3933586,82445879
35,4990597969576 14640,2701402895 1621161,49445103 3964448,23540868
35,767908411087 13978,4058027042 1590982,05577734 3995289,53841995
36,0417108630032 13346,904651472 1560794,29859029 4026108,79675824
36,3206429029085 12744,3940963977 1530601,68495117 4056903,92095243
36,6048887021435 12169,5638858826 1500407,77603718 4087672,66007694
36,8946413816432 11621,1632527434 1470216,24440185 4118412,5923454
37,1901035790479 11097,998197475 1440030,88683449 4149121,11496803
37,4914880577418 10598,9289018589 1409855,63787677 4179795,43322137
37,7990183613937 10122,8672662443 1379694,58405809 4210432,54867567
38,1129295179075 9668,77456421473 1349551,97891435 4241029,24652144
38,4334687970606 9235,65920872029 1319432,25885831 4271582,08193297
38,7608965265081 8822,57462409809 1289340,05997292 4302087,36540298
39,0954869712814 8428,61721871773 1259280,2358025 4332541,14697878
39,4375292823983 8052,92445328917 1229257,87621972 4362939,19932699
39,7873285207439 7694,67300014642 1199278,32744943 4393276,99955043
40,1452067629816 7353,07698908082 1169347,21333298 4423549,70967794
40,5115042969109 7027,38633554022 1139470,45791872 4453752,15574574
40,8865809144213 6716,88514723729 1109654,30946565 4483878,80538711
41,2708173109965 6420,89020542223 1079905,36594769 4513923,74384688
41,6646166016174 6138,74951727274 1050230,60214469 4543880,64833803
42,0684059639016 5869,84093603827 1020637,39840379 4573742,76066017
42,4826384204146 5613,57084574714 991133,571149485 4603502,85800477
42,9077947733104 5369,37290744303 961727,405213087 4633153,22187947
43,3443857058158 5136,70686406477 932427,688040697 4662685,60509524
43,7929540665895 4915,05740121642 903243,745823226 4692091,19677556
44,2540773546866 4703,93306119775 874185,481570806 4721360,58536799
44,7283704247596 4502,86520777438 845263,415126302 4750483,71966592
45,2164884342793 4311,40703926497 816488,725077142 4779449,86788359
45,7191300569865 4129,13264760673 787873,292479654 4808247,57487274
46,2370409895531 3955,6361211325 759429,7462539 4836864,61762497
46,7710177815998 3790,53068884941 731171,510037493 4865287,95927366
47,3219120228694 3633,44790405193 703112,85020188 4893503,70189407
47,8906349255956 3484,03686512897 675268,924631785 4921497,03850308
48,4781623450771 3341,96347143571 647655,831745218 4949252,20478334
49,0855402873313 3206,90971209411 620290,659085276 4976752,43120263
49,7138909597015 3078,57298556217 593191,530643438 5003979,896371
50,3644194287 2956,66544776971 566377,651875033 5030915,6826772
51,038420959588 2840,9133865587 539869,351139645 5057539,73547379
51,7372891246939 2731,05662008859 513688,116041887 5083830,82733802
52,4625247829057 2626,84791677452 487856,622862277 5109766,52922095
53,2157460519615 2528,05243422128 462398,756956936 5135323,19060884
53,998699419166 2434,44717450165 437339,621674488 5160475,93115101
54,8132721663631 2345,82045301269 412705,532998209 5185198,64654878
55,661506323155 2261,97137803322 388523,99678527 5209464,03183669
56,5456144107527 2182,70933801307 364823,665161726 5233243,62550026
57,4679973003914 2107,85349355976 341634,268366857 5256507,87813958
58,43126458868 2037,23227106809 318986,518154502 5279226,24957443
59,4326724161348 1971,03316373546 297030,118669007 5301248,84816725
60,4487279626664 1910,49736959644 276294,731463549 5322044,77116685
61,470777645843 1855,55175560692 256895,536668544 5341498,91157585
62,4957305109755 1805,74866225868 238807,634400481 5359636,61693726
63,5225099148877 1760,57546446812 221963,251275998 5376526,17325953
64,5507585175697 1719,54677161765 206284,421115751 5392246,03211263
65,5803735394815 1682,22680223394 191693,606465109 5406874,16673265
66,6113411541068 1648,23050143562 178116,954740437 5420484,81475812
67,643677772971 1617,21885695924 165485,12770849 5433147,65343455
68,6774093892618 1588,89318340801 153733,346080339 5444927,76073625
69,7125644339651 1562,98975249219 142801,191767819 5455885,81847968
70,7491714084026 1539,27509044209 132632,345798169 5466078,37911138
71,7872581892593 1517,5419486138 123174,319345339 5475558,13870604
72,8268519063982 1497,60587068875 114378,195626305 5484374,198503
73,8679790061768 1479,30226800827 106198,387426837 5492572,31030515
74,9106653657221 1462,48392248091 98592,41085426 5500195,10522325
75,95493641294 1447,01884842664 91520,6746431902 5507282,30650838
77,0008172383148 1432,78845611746 84946,2840093234 5513870,92753455
78,048332695297 1419,68596955296 78834,8580131728 5519995,45601727
79,0975074895782 1407,61505911833 73154,3594500983 5525688,02549078
80,1483662585478 1396,48865642684 67874,9363578178 5530978,57498575
81,2009336423798 1386,22792410009 62968,7743070769 5535894,99776882
82,255234348082 1376,76135771038 58409,9587097364 5540463,27993255
83,311293207671 1368,02400078862 54174,3464403045 5544707,6295589
84,3691352314644 1359,95675683616 50239,4461223911 5548650,59712077
85,4287856573325 1352,5057847917 46584,306481435 5552313,18773377
86,4902699966255 1345,62196649114 43189,4122101107 5555714,96582339
87,553614077388 1339,26043639646 40036,586833701 5558874,1527299
88,6188440853871 1333,38016532178 37108,9020999487 5561807,71773473
89,6859866034069 1327,94359110177 34390,5934519397 5564531,46295695
90,7550686492079 1322,91629017003 31866,9811737805 5567060,10253605
91,8261177124961 1318,26668487616 29524,3968275299 5569407,33648759
92,8991617912143 1313,9657820982 27350,1146262962 5571585,9195916
93,9742294274285 1309,98693932315 25332,287412839 5573607,72564783
95,0513497430624 1306,30565489104 23459,8869356076 5575483,8074095
96,1305524757084 1302,89937954366 21722,6481350862 5577224,45248537
97,2118680147272 1299,74734679799 20111,0171727326 5578839,23548047
98,2953274378386 1296,83041998935 18616,102952832 5580337,06662718
99,38096254839 1294,1309541068 17229,6319043479 5581726,23714154
100,468805913491 1291,63267078229 15943,9058054428 5583014,46152377
101,558890903187 1289,32054500001 14751,7624478567 5584208,91700714
102,651251730859 1287,18070226956 13646,5389518468 5585316,28034588
103,745923495015 1285,20032515917 12622,0375549883 5586342,76211985
104,842942222669 1283,36756821775 11672,4937098809 5587294,1387219
105,942344914471 1281,67148042899 10792,5463367517 5588175,78218282
107,044169591801 1280,1019344404 9977,21008716628 5588992,68797839
108,148455346008 1278,64956189727 9221,84948458736 5589749,50095351
109,255242390011 1277,30569428658 8522,15481641926 5590450,53948929
110,364572112475 1276,06230876256 7874,1196604808 5591099,81803075
111,476487134809 1274,91197848317 7274,01993660227 5591701,06808491
112,591031371209 1273,84782703743 6718,39438128222 5592257,75779168
113,708250092047 1272,86348658842 6204,02635010153 5592773,11016331
114,828189990863 1271,95305939572 5727,92685890549 5593250,1200817
115,950899255291 1271,11108241579 5287,31878066333 5593691,57013692
117,076427642247 1270,33249470931 4879,62212042296 5594100,04538487
118,20482655775 1269,61260741166 4502,44029592432 5594477,94709666
119,336149141772 1268,94707604649 4153,54735624193 5594827,50556771
120,470450358558 1268,3318749839 3830,87607531736 5595150,7920497
121,607787092897 1267,7632738634 3532,50686143658 5595449,7298647
122,748218252859 1267,23781581905 3256,65742762618 5595726,10475655
123,891804879593 1266,75229735895 3001,67317160251 5595981,57453104
125,038610264818 1266,30374976494 2766,01821732714 5596217,6780329
126,188700076707 1265,88942189042 2548,26707341645 5596435,84350469
127,342142494956 1265,50676424498 2347,09686663673 5596637,39636911
128,499008355908 1265,15341426443 2161,2801115031 5596823,56647423
129,659371308684 1264,82718267336 1989,67797960401 5596995,49483772
130,823307983414 1264,52604085565 1831,23403470442 5597154,23992444
131,990898172762 1264,24810915509 1684,96840195178 5597300,78348889
133,162225028088 1263,99164603509 1549,97234163012 5597436,03601233
134,337375271771 1263,75503803218 1425,40319988796 5597560,84176208
135,516439427372 1263,53679044329 1310,479710716 5597675,98349884
136,699512069568 1263,33551869176 1204,47762517774 5597782,18685613
137,886692096012 1263,14994032138 1106,72564550902 5597880,12441417
139,078083023565 1262,97886757163 1016,60164320874 5597970,41948922
140,273793311692 1262,82120049139 933,529141649147 5598053,64965785
141,473936716183 1262,67592055111 856,974045046633 5598130,3500344
142,67863267682 1262,5420847171 786,441596859767 5598201,01631842
143,888006743129 1262,41881995394 721,473551825174 5598266,10762822
145,102191042991 1262,30531812397 661,645546909743 5598326,04913496
146,321324799591 1262,20083125476 606,564657454294 5598381,23451129
147,545554903047 1262,10466714809 555,867125714013 5598432,02820713
148,775036544105 1262,01618530552 509,216249868987 5598478,76756482
150,009933918463 1261,93479314784 466,30042238811 5598521,76478446
151,250421011772 1261,85994250711 426,831307385398 5598561,3087501
152,496682477092 1261,7911263717 390,542147312707 5598597,66672631
153,748914618709 1261,72787586611 357,186189990558 5598631,08593414
155,007326498767 1261,66975744879 326,535227592089 5598661,79501496
156,272141186324 1261,61637031215 298,378239767154 5598690,00538992
157,543597172272 1261,5673439704 272,520133626831 5598715,9125224
158,821949978338 1261,52233602171 248,780573805615 5598739,69709017
160,10747399427 1261,48103007213 226,99289628167 5598761,52607364
161,400464584767 1261,44313380974 207,003100066775 5598781,55376612
162,701240517003 1261,40837721817 188,668911279005 5598799,9227115
164,010146771542 1261,37651091959 171,858914484391 5598816,76457459
165,327557814615 1261,34730463767 156,451746540434 5598832,20094882
166,653881429509 1261,32054577202 142,335348495635 5598846,34410573
167,989563230511 1261,29603807596 129,406271396144 5598859,29769052
169,335092016865 1261,27360043011 117,569032123972 5598871,15736744
170,691006169574 1261,25306570477 106,735515641053 5598882,01141865
172,057901355144 1261,23427970452 96,8244202393772 5598891,94130005
173,436439884359 1261,21710018892 87,7607425979747 5598901,02215721
174,827362190753 1261,20139596341 79,4752996198688 5598909,32330441
176,231501058178 1261,18704603485 71,9042841609176 5598916,9086698
177,649799463437 1261,17393882648 64,9888518588638 5598923,83720931
179,083333246783 1261,16197144682 58,6747363094965 5598930,16329224
180,533340342494 1261,15104900731 52,9118897914117 5598935,9370612
182,00125909917 1261,14108398297 47,6541465655745 5598941,20476945
183,488779478245 1261,13199560961 42,8589053885865 5598946,009099
184,997912970667 1261,12370930996 38,4868271268804 5598950,38946356
186,531090540307 1261,11615613789 34,5015419487353 5598954,38230191
188,09130402488 1261,10927222557 30,8693579050464 5598958,02136987
189,682317796989 1261,10299820786 27,5589575044763 5598961,33804428
191,308999953043 1261,09727857843 24,5410581819273 5598964,36166324
192,977870188332 1261,09206088691 21,7879888994013 5598967,11995021
194,69807399066 1261,08729457776 19,2730775966565 5598969,63962782
196,483293102385 1261,08292896958 16,9695851400388 5598971,94748589
198,356062650685 1261,07890887375 14,8483935697405 5598974,07269755
200 1261,07579645303 13,20612940737 5598975,71807414
