/////////////// Part A - Test on random matrix ///////////////
random 5x5 matrix
    0,249     0,111     0,467     0,772     0,658 
    0,111     0,433     0,354     0,944     0,101 
    0,467     0,354     0,642     0,029     0,248 
    0,772     0,944     0,029     0,320     0,990 
    0,658     0,101     0,248     0,990     0,682 

Number of sweeps in jacobi=5

Should be a diagonal matrix V.T*B*V=
   -1,038     0,000     0,000     0,000     0,000 
    0,000    -0,274     0,000     0,000     0,000 
    0,000     0,000     0,540     0,000     0,000 
    0,000     0,000     0,000     0,643     0,000 
    0,000     0,000     0,000     0,000     2,455 

Eigenvalues should equal the diagonal elements above     -1,04     -0,274       0,54      0,643       2,45 

Check that V*D*V.T=A
    0,249     0,111     0,467     0,772     0,658 
    0,111     0,433     0,354     0,944     0,101 
    0,467     0,354     0,642     0,029     0,248 
    0,772     0,944     0,029     0,320     0,990 
    0,658     0,101     0,248     0,990     0,682 

