0 0
0,0476190476190476 0,0459954420888853
0,0952380952380952 0,0909634218276377
0,142857142857143 0,133899428548256
0,19047619047619 0,173844343491208
0,238095238095238 0,209905863345757
0,285714285714286 0,241278433413079
0,333333333333333 0,267261242322682
0,380952380952381 0,287273875902337
0,428571428571429 0,300869286079935
0,476190476190476 0,307743773424238
0,523809523809524 0,307743773115533
0,571428571428571 0,300869285847963
0,619047619047619 0,287273875340499
0,666666666666667 0,267261241915743
0,714285714285714 0,2412784335583
0,761904761904762 0,20990586363131
0,80952380952381 0,173844344078493
0,857142857142857 0,133899428557798
0,904761904761905 0,0909634218106078
0,952380952380952 0,0459954420132058
1 0


0 0
0,0476190476190476 0,0909634218634746
0,0952380952380952 0,173844344165593
0,142857142857143 0,241278433723083
0,19047619047619 0,287273875522367
0,238095238095238 0,307743772846682
0,285714285714286 0,300869285626667
0,333333333333333 0,267261241989869
0,380952380952381 0,209905864126123
0,428571428571429 0,133899428916143
0,476190476190476 0,0459954419044545
0,523809523809524 -0,0459954418475634
0,571428571428571 -0,133899428999501
0,619047619047619 -0,209905864045624
0,666666666666667 -0,267261241849752
0,714285714285714 -0,300869285770223
0,761904761904762 -0,307743772903995
0,80952380952381 -0,287273875580749
0,857142857142857 -0,241278433799527
0,904761904761905 -0,173844343884165
0,952380952380952 -0,0909634216626144
1 0


0 0
0,0476190476190476 0,133899428748021
0,0952380952380952 0,241278433812189
0,142857142857143 0,300869285380729
0,19047619047619 0,300869286191733
0,238095238095238 0,241278433887154
0,285714285714286 0,133899429276414
0,333333333333333 -1,24728962702022E-10
0,380952380952381 -0,133899428352891
0,428571428571429 -0,241278433663873
0,476190476190476 -0,300869285286308
0,523809523809524 -0,30086928537674
0,571428571428571 -0,241278433405162
0,619047619047619 -0,133899428514759
0,666666666666667 4,94431403311991E-11
0,714285714285714 0,133899429325696
0,761904761904762 0,241278433534939
0,80952380952381 0,300869286362346
0,857142857142857 0,300869285157538
0,904761904761905 0,241278434304802
0,952380952380952 0,133899428562342
1 0


