0 1 0
0,0886112645555026 0,996074021896937 -0,0884953025940594
0,173294469232364 0,985017367536845 -0,172427915469137
0,256779971668689 0,96720615706554 -0,253966161820832
0,340196174006981 0,94268079534852 -0,333669678460485
0,424111882886349 0,911394423260906 -0,41150773864365
0,508905050862556 0,87326678238667 -0,487215807466983
0,594903680632189 0,828189299840112 -0,560421317527969
0,682446751069376 0,776017428397568 -0,630683469350969
0,771919245092512 0,716557757278849 -0,69749863238072
0,863783480633067 0,649549171777206 -0,760288969595278
0,958619238622489 0,574633706183308 -0,81837816891048
1,05338192660764 0,494617963880661 -0,869076000086191
1,14659490728236 0,411577326056449 -0,911338497115448
1,23805675206833 0,326619359645639 -0,945117839595557
1,32800073301601 0,240405154015614 -0,970632711142029
1,41677159514243 0,153407188907995 -0,988121233208794
1,50471770251424 0,0660245309440166 -0,997774085890032
1,59216350441351 -0,0213678630277503 -0,999725422143746
1,67940927720295 -0,108397702978316 -0,994058664070175
1,76673897356151 -0,194684854576963 -0,980813775844617
1,8544299431479 -0,279834600873717 -0,959992467232466
1,94276299776129 -0,363431653847168 -0,931560687320486
2,03203298413354 -0,445033493883884 -0,895448375338995
2,122560724875 -0,524162104914211 -0,851546305504769
2,2147076986772 -0,600293127507183 -0,799699439336347
2,30889556054327 -0,672841033634646 -0,739695503226056
2,40563394504915 -0,741138043718023 -0,671246318254015
2,50556265801145 -0,804402780332549 -0,593957158265061
2,60697733377646 -0,860398883355599 -0,509464343144738
2,70721443711125 -0,907058178283096 -0,420805458010481
2,8056828957325 -0,944029847189575 -0,32959310081253
2,90254743406042 -0,971477012633942 -0,236746840165936
2,99819377524554 -0,989642812365634 -0,142887384729818
3,09304197443061 -0,998723600325721 -0,04851956477116
3,18749392388111 -0,998844661975201 0,0458879941618394
3,28192782096527 -0,990063991589632 0,139867984766436
3,37670749036666 -0,972380233684118 0,232937198595632
3,47219595063919 -0,945738117212292 0,324585220437363
3,5687705899352 -0,910029853916672 0,414263915789048
3,66684031436097 -0,865092044505275 0,501375108742157
3,76686647304802 -0,810697322942631 0,585254460432664
3,86939071307016 -0,7465389623425 0,66514910957498
3,97507513691925 -0,672204799520077 0,740185188456433
4,08476459186705 -0,587133191685673 0,80931823708442
4,19685826044299 -0,49291506145296 0,869909787289043
4,30804695755925 -0,393343288185706 0,919226127145495
4,41762986163726 -0,290451709544479 0,956724335701164
4,52586286000973 -0,185403503981716 0,982495701520602
4,63328618142819 -0,0789937857805758 0,996705168904819
4,74049593237842 0,0281120014724949 0,999429819436231
4,84808680350989 0,13527136035696 0,990626462428323
4,95665542286289 0,241813789663494 0,970130760109889
5,06682529383719 0,347009269027826 0,937656624590462
5,17928262811157 0,450039123508752 0,892786031969936
5,29482415799146 0,549959496513237 0,834944240177239
5,41442521431443 0,645648212196978 0,763353623854269
5,53934557288852 0,735720906592611 0,676952684866569
5,67130941466951 0,818388812353533 0,574251537065608
5,80992715924433 0,889872722143558 0,455654538378566
5,95081406782384 0,945024514197934 0,326175702561919
6,09415448751812 0,981910109041456 0,187828483125285
6,24269194014659 0,998874954970507 0,0404423171418786
6,28318530717959 0,999693219005984 -2,75961233198452E-05
