1E-05 1,25E-11 2,5E-06
1,1543818391729E-05 1,66554280796073E-11 2,88604758532487E-06
1,30180582510382E-05 2,11804569534551E-11 3,25457553820789E-06
1,45669305946487E-05 2,65199072603813E-11 3,64173154055475E-06
1,62396026216546E-05 3,29595774627129E-11 4,05982137415672E-06
1,80592347647592E-05 4,07591596471548E-11 4,51463790374043E-06
2,00410236273723E-05 5,0195229052505E-11 5,00998038315884E-06
2,21978603098946E-05 6,15802251958325E-11 5,54907090465782E-06
2,45422212403063E-05 7,52737292406852E-11 6,13502761819187E-06
2,70868195222318E-05 9,16914000219404E-11 6,77102772055177E-06
2,98448375154268E-05 1,11313565235289E-10 7,46036564667217E-06
3,28300165756792E-05 1,34694271200016E-10 8,20647551833337E-06
3,60566978864687E-05 1,62471151927949E-10 9,01294135566345E-06
3,95398465259071E-05 1,95376313722631E-10 9,88350309423329E-06
4,32950697993031E-05 2,34248372687615E-10 1,08220611674965E-05
4,73386336296214E-05 2,80045764230524E-10 1,18326806033312E-05
5,16874783111889E-05 3,33861441079951E-10 1,29195949612481E-05
5,6359234075978E-05 3,96939079989578E-10 1,40872102226753E-05
6,13722366266795E-05 4,70690923557176E-10 1,5340108672903E-05
6,67455426889112E-05 5,56717391049958E-10 1,6683052787787E-05
7,24989455997256E-05 6,56828600277164E-10 1,81209891295106E-05
7,86529909374426E-05 7,73067951189984E-10 1,96590522526624E-05
8,52289921936686E-05 9,07737930948651E-10 2,13025686208504E-05
9,22490464869605E-05 1,06342830965559E-09 2,3057060533717E-05
9,9736050317141E-05 1,24304690580912E-09 2,49282500641092E-05
0,000107713715359155 1,44985311078919E-09 2,69220630051252E-05
0,000116206584295351 1,68749437235188E-09 2,90446328267602E-05
0,000125240046685095 1,96004584819134E-09 3,13023046418784E-05
0,000134840354870675 2,27205345213528E-09 3,37016391812511E-05
0,000145034639918495 2,62858052748174E-09 3,62494167774078E-05
0,000155850927594593 3,0352583943697E-09 3,89526413570629E-05
0,000167318154373568 3,49834103091373E-09 4,18185444418868E-05
0,000179466183480042 4,02476416113082E-09 4,48545891574017E-05
0,00019232582096181 4,62220903645727E-09 4,80684742497907E-05
0,000205928831793878 5,29917121190183E-09 5,14681381104205E-05
0,000220307956012623 6,06503463261873E-09 5,50617628078828E-05
0,000235496924879324 6,93015136191985E-09 5,88577781273705E-05
0,000251530477072384 7,90592729748748E-09 6,28648656172107E-05
0,000268444374907551 9,0049142388086E-09 6,7091962642387E-05
0,00028627542058549 1,02409086856353E-08 7,15482664448854E-05
0,000305061472466116 1,16290577645964E-08 7,62432382107113E-05
0,000324841461369062 1,31859726989499E-08 8,1186607143427E-05
0,000345655406899753 1,49298502548798E-08 8,63883745440678E-05
0,000367544433800526 1,68806026167272E-08 9,18588178972989E-05
0,000390550788326286 1,9059996163093E-08 9,76084949636845E-05
0,000414717854644226 2,14917996358886E-08 0,000103648247877942
0,000440090171257114 2,4201942215134E-08 0,000109989207253064
0,000466713447449726 2,72186820336324E-08 0,000116642796290188
0,000494634579757992 3,0572785687587E-08 0,000123620734894115
0,000523901668460453 3,4297719321782E-08 0,000130935043794357
0,00055456403409165 3,84298518911408E-08 0,000138598048671634
0,000586672233977069 4,30086712242937E-08 0,000146622384289698
0,000620278078789329 4,80770135392728E-08 0,000155020998632424
0,000655434649125249 5,36813070865746E-08 0,000163807157046054
0,000692196312103525 5,98718306206425E-08 0,000172994446386525
0,000730618737982699 6,67029874272935E-08 0,000182596779171802
0,000770758916799182 7,42335956617913E-08 0,000192628397739136
0,000812675175025051 8,25271957801237E-08 0,00020310387840718
0,000856427192245392 9,16523758746229E-08 0,000214038135642886
0,000902076017854988 1,01683115754357E-07 0,00022544642623313
0,000949684087774143 1,12699150640744E-07 0,000237344353461002
0,000999315241183442 1,24786355379585E-07 0,000249747871286695
0,00105103473727731 1,38037150102236E-07 0,00026267328853294
0,00110490927203619 1,52550928300875E-07 0,000276137273074943
0,00116100699501726 1,68434508315901E-07 0,000290156856034771
0,00121939752616348 1,85802609267228E-07 0,000304749435980131
0,00128015197263096 2,0477835249593E-07 0,000319932783127511
0,00134334294563453 2,25493789618023E-07 0,00033572504354964
0,00140904457731146 2,48090458328412E-07 0,000352144743387221
0,00147733253760323 2,72719967130032E-07 0,000369210793064906
0,00154828405115542 2,99544610201097E-07 0,000386942491511482
0,00162197791423556 3,28738013652047E-07 0,000405359530384223
0,00169849451166913 3,60485814463365E-07 0,000424481998297403
0,00177791583379357 3,94986373435805E-07 0,000444330385054911
0,00186032549343036 4,32451523525902E-07 0,000464925585886966
0,00194580874287542 4,73107354981796E-07 0,000486288905690897
0,00203445249090755 5,17195038737448E-07 0,00050844206327597
0,00212634531981542 5,64971689567366E-07 0,000531407195612241
0,00222157750244285 6,16711270548754E-07 0,000555206862083405
0,00232024101925282 6,72705540423933E-07 0,000579864048743642
0,00242242957541014 7,33265045502564E-07 0,000605402172578424
0,00252823861788311 7,98720157790971E-07 0,000631845085769279
0,00263776535256432 8,69422161084534E-07 0,000659217079962492
0,00275110876141073 9,45744386808776E-07 0,00068754289054173
0,0028683696196035 1,02808340144544E-06 0,00071684770090458
0,00298965051272761 1,11686024743151E-06 0,000747157146742986
0,00311505585397164 1,2125217394717E-06 0,000778497320327559
0,00324469190134813 1,31554181825883E-06 0,000810894774795781
0,00337866677493473 1,42642296365103E-06 0,000844376528444043
0,0035170904741366 1,54569766941062E-06 0,000878970069023552
0,00366007489497043 1,67392998166635E-06 0,000914703358040065
0,0038077338473706 1,81171710331856E-06 0,000951604835057441
0,0039601830725178 1,95969106666597E-06 0,000989703422005017
0,00411754026019073 2,11852047659269E-06 0,00102902852748875
0,00427992506614138 2,28891232671567E-06 0,00106961005110617
0,00444745912949444 2,47161389095476E-06 0,00111147838776505
0,00462026609017151 2,66741469305152E-06 0,00115466443200589
0,00479847160634064 2,87714855662717E-06 0,00119919958232803
0,0049822033718919 3,10169573843634E-06 0,00124511574551954
0,00517159113394 3,34198514754035E-06 0,00129244534099072
0,00536676671035423 3,5989966531915E-06 0,00134122130511134
0,00556786400731687 3,87376348429011E-06 0,00139147709555138
0,00577501903691079 4,16737472334625E-06 0,00144324669562545
0,00598836993473747 4,4809778979507E-06 0,0014965646186407
0,00620805697756566 4,81578167283196E-06 0,00155146591224825
0,00643422260101267 5,1730586456523E-06 0,00160798616279811
0,0066670114172586 5,55414824977025E-06 0,0016661614996975
0,00690657023279487 5,96045976727485E-06 0,00172602859977245
0,00715304806620832 6,39347545567581E-06 0,00178762469163285
0,00740659616600219 6,85475379171363E-06 0,00185098756004058
0,00766736802845507 7,34593283583462E-06 0,00191615555028091
0,00793551941551933 7,86873372095905E-06 0,00198316757253692
0,00821120837276054 8,42496426925501E-06 0,00205206310626692
0,00849459524733926 9,01652274071594E-06 0,00212288220458482
0,00878584270603713 9,6454017174273E-06 0,00219566549864323
0,00908511575332854 1,03136921274964E-05 0,00227045420201931
0,00939258174950011 1,10235874127102E-05 0,00234729011510319
0,00970841042881921 1,17773878440756E-05 0,00242621562948873
0,0100327739177545 1,2577504989495E-05 0,00250727373236676
0,0103658467532493 1,34264663379185E-05 0,00259050801092029
0,0107078059010511 1,43269200844164E-05 0,00267596265672176
0,0110588307740991 1,52816400807118E-05 0,00276368247013221
0,0114191032509714 1,62935309558119E-05 0,0028537128647019
0,0117888076943959 1,73656334114811E-05 0,00294609987157241
0,0121681309698258 1,85011296974016E-05 0,00304089014387996
0,0125572624640844 1,97033492709722E-05 0,00313813096115965
0,0129563941040798 2,09757746468034E-05 0,00323787023375045
0,0133657203755948 2,23220474410786E-05 0,00334015650720058
0,0137854383421535 2,37459746160557E-05 0,00344503896667296
0,0142157476639688 2,5251534930109E-05 0,00355256744135073
0,0146568506169742 2,68428855988113E-05 0,00366279240884207
0,015108952111943 2,85243691726844E-05 0,00377576499958415
0,0155722597136995 3,03005206373646E-05 0,0038915370012461
0,0160469836604259 3,21760747420442E-05 0,00401016086313011
0,0165333368830685 3,41559735621821E-05 0,00413168970057054
0,0170315350248487 3,62453743026012E-05 0,00425617729933071
0,0175417964608827 3,84496573472126E-05 0,00438367811999648
0,0180643423179148 4,07744345617458E-05 0,00451424730236644
0,0185993964941688 4,32255578559945E-05 0,00464794066983814
0,0191471856793249 4,58091280122212E-05 0,00478481473378964
0,0197079393746241 4,85315037865049E-05 0,00492492669795583
0,0202818899131088 5,13993112899584E-05 0,00506833446279894
0,0208692724800051 5,44194536568848E-05 0,00521509662987254
0,0214703251332516 5,75991210070894E-05 0,00536527250617832
0,022085288824183 6,09458007097123E-05 0,00551892210851471
0,0227144074183741 6,44672879561032E-05 0,00567610616781678
0,0233579277166526 6,81716966494131E-05 0,00583688613348644
0,024016099476287 7,20674706187414E-05 0,00600132417771215
0,0246891754323583 7,6163395165831E-05 0,00616948319977693
0,0253774113193236 8,04686089524836E-05 0,0063414268303541
0,0260810658927796 8,49926162370201E-05 0,00651721943578919
0,0268004009514355 8,97452994683067E-05 0,00669692612236742
0,0275356813593042 9,47369322460167E-05 0,00688061274056503
0,0282871750681224 9,99781926560137E-05 0,00706834588928388
0,0290551531400082 0,00010548017698989 0,00726019292006729
0,0298398897703687 0,000111254413857919 0,00745622194129646
0,0306416623110679 0,000117312878704851 0,00765650182236565
0,0314607512938647 0,000123668008738184 0,00786110219783439
0,0322974404541367 0,00013033271827876 0,00807009347155579
0,0331520167548993 0,000137320414543729 0,00828354682077869
0,0340247704111346 0,000144645013872144 0,00850153420022226
0,034915994914443 0,000152320958403663 0,00872412834612082
0,0358259870580336 0,000160363233221083 0,0089514027802376
0,0367550469620653 0,000168787383967617 0,00918343181384465
0,0377034780993573 0,000177609534950116 0,00942029055166738
0,0386715873214827 0,000186846407739625 0,00966205489579119
0,0396596848852636 0,000196515340280967 0,00990880154952791
0,0406680844796849 0,000206634306523259 0,0101606080212398
0,0416971032532452 0,000217221936583564 0,0104175526281181
0,0427470618417626 0,000228297537456112 0,0106797144999141
0,0438182843966574 0,00023988111427985 0,0109471735826189
0,0449110986137317 0,000251993392177352 0,0112200106420903
0,0460258357624665 0,000264655838678375 0,0114983072676223
0,0471628307158612 0,000277890686741729 0,0117821458754556
0,0483224219808355 0,000291720958389364 0,0120716097122233
0,0495049517292207 0,00030617048896694 0,0123667828583311
0,0507107658293673 0,000321263952045533 0,0126677502312666
0,0519402138783887 0,000337026884979286 0,0129745975888331
0,0531936492350778 0,000353485715134463 0,0132874115323064
0,0544714290535193 0,000370667786805464 0,0136062795095081
0,0557739143174281 0,000388601388833843 0,0139312898177918
0,0571014698752451 0,000407315782946792 0,0142625316069368
0,0584544644760267 0,000426841232831951 0,0146000948819467
0,0598332708061555 0,000447209033965727 0,0149440705057444
0,0612382655269131 0,000468451544212897 0,0152945502017616
0,0626698293129464 0,000490602215215554 0,0156516265564145
0,0641283468916712 0,000513695624590069 0,0160153930214623
0,065614207083646 0,00053776750895109 0,0163859439162394
0,0671278028439651 0,000562854797782235 0,0167633744297593
0,0686695313047067 0,00058899564817351 0,017147780622679
0,0702397938184845 0,000616229480446119 0,0175392594291201
0,0718389960031482 0,000644597014685859 0,0179379086583379
0,0734675477876843 0,000674140308206926 0,0183438269962321
0,0751258634593615 0,000704902793968391 0,0187571140066897
0,0768143617121796 0,000736929319966473 0,0191778701327535
0,0785334656966704 0,000770266189626133 0,0196061966976062
0,0802836030711151 0,000804961203216462 0,0200421959053623
0,0820652060542273 0,000841063700314691 0,0204859708416568
0,0838787114793735 0,000878624603344801 0,0209376254740235
0,085724560850386 0,000917696462217021 0,021397264652049
0,0876032003990422 0,000958333500095705 0,0218649941072958
0,0895150811442737 0,00100059166032359 0,0223409204529793
0,0914606589531828 0,00104452865453153 0,0228251511833906
0,0934403946039365 0,00109020401196342 0,0233177946730497
0,0954547538506186 0,00113767913004737 0,0238189601755785
0,0975042074901238 0,00118701732624467 0,0243287578222798
0,0995892314311723 0,0012382838912095 0,0248472986204072
0,101710306765538 0,00129154614329322 0,0253746944511123
0,103867919841582 0,00134687348442809 0,0259110580670541
0,10606256234018 0,00140433745742675 0,0264565030896533
0,10829473135316 0,00146401180473465 0,0270111440059772
0,110564929464329 0,00152597252867402 0,0275750961652343
0,112873664833224 0,0015902979532193 0,0281484757748638
0,115221451281671 0,00165706878734528 0,0287313998961974
0,117608808383299 0,00172636818999086 0,0293239864396774
0,120036261556107 0,0017982818366823 0,0299263541596062
0,122504342158219 0,00187289798786204 0,0305386226484067
0,125013587586969 0,00195030755897053 0,0311609123303724
0,127564541381438 0,00203060419233004 0,0317933444548801
0,130157753328594 0,00211388433088162 0,0324360410890416
0,132793779573191 0,00220024729382795 0,0330891251097675
0,135473182731568 0,00228979535423708 0,0337527201952157
0,138196532009534 0,00238263381866393 0,034426950815597
0,140964403324478 0,0024788711088484 0,0351119422233017
0,143777379431913 0,00257861884555206 0,0358078204423241
0,146636050056612 0,00268199193459625 0,036514712256941
0,149541012028551 0,00278910865516928 0,037232745199621
0,15249286942384 0,00290009075046994 0,0379620475381143
0,155492233710874 0,00301506352076051 0,0387027482616967
0,158539723901895 0,00313415591890281 0,0394549770665177
0,161635966710223 0,00325750064845536 0,0402188643400146
0,164781596713378 0,00338523426441263 0,0409945411443484
0,167977256522345 0,00351749727666995 0,0417821391988103
0,171223596957243 0,00365443425630201 0,0425817908611504
0,174521277229675 0,0037961939447467 0,0433936291077801
0,177870965132035 0,00394292936598899 0,0442177875127875
0,181273337234084 0,00409479794184455 0,045054400225712
0,184729079087092 0,00425196161044654 0,0459036019480149
0,188238885435873 0,00441458694804367 0,0467655279081816
0,191803460439067 0,00458284529422296 0,0476403138353909
0,195423517898015 0,00475691288067446 0,0485280959316758
0,199099781494598 0,00493697096362115 0,0494290108425016
0,20283298503843 0,00512320596004302 0,0503431956256843
0,206623872723835 0,00531580958782982 0,0512707877185627
0,210473199397005 0,00551497901000265 0,0522119249033367
0,214381730833818 0,00572091698315229 0,0531667452704801
0,218350244028756 0,00593383201024697 0,0541353871801242
0,222379527495454 0,00615393849797195 0,0551179892213138
0,226470381579366 0,00638145691876848 0,0561146901690211
0,230623618783103 0,00661661397774919 0,0571256289388022
0,234840064105028 0,0068596427846749 0,0581509445389732
0,239120555391672 0,0071107830311858 0,0591907760201717
0,243465943704643 0,00737028117349153 0,0602452624221705
0,24787709370265 0,00763839062073153 0,0613145427177913
0,252354884039357 0,00791537192922992 0,0623987557537646
0,256900207777798 0,00820149300287869 0,0634980401883714
0,261513972822115 0,00849702929989587 0,0646125344256919
0,266197102367415 0,00880226404621453 0,0657423765462688
0,270950535368615 0,00911748845577594 0,0668877042339961
0,275775227029153 0,0094430019580091 0,0680486546990147
0,280672149310522 0,00977911243279758 0,0692253645963994
0,285642291463603 0,0101261364532456 0,0704179699403916
0,290686660582843 0,0104843995365739 0,0716266060139281
0,2958062821844 0,0108542364034937 0,0728514072731984
0,30100220080937 0,0112359912464198 0,0740925072469346
0,306275480653375 0,011630018006911 0,0753500384301389
0,311627206223757 0,0120366806627374 0,0766241321719105
0,317058483025777 0,0124563535250022 0,0779149185570335
0,322570438279234 0,0128894215457631 0,079222526280945
0,328164221667028 0,013336280636624 0,0805470825176874
0,333841006117291 0,013797337998794 0,0818887127804247
0,339601988620744 0,0142730124651334 0,0832475407740575
0,345448391085115 0,0147637348547368 0,0846236882394574
0,351381461228506 0,0152699483406355 0,0860172747888009
0,357402473513691 0,0157921088312246 0,0874284177314354
0,363512730125492 0,0163306853660613 0,088857231889684
0,369713561993488 0,0168861605267119 0,0903038294039478
0,376006329862405 0,0174590308633614 0,0917683195264101
0,382392425412757 0,0180498073379404 0,0932508084026094
0,388873272434347 0,0186590157845623 0,0947513988400757
0,395450328055532 0,0192871973881114 0,0962701900631847
0,402125084031197 0,0199349091818632 0,0978072774533011
0,408899068092643 0,0206027245650697 0,0993627522732221
0,41577384536275 0,0212912338414905 0,10093670137485
0,42275101984002 0,0220010447799098 0,102529206888946
0,429832235955291 0,0227327831977289 0,104140345895726
0,437019180205122 0,0234870935687848 0,105770190074944
0,444313582866184 0,0242646396566137 0,107418805334032
0,451717219795122 0,0250661051744305 0,109086251412711
0,459231914318787 0,02589219447318 0,110772581462398
0,466859539219911 0,0267436332590749 0,112477841598565
0,474602018823646 0,0276211693421122 0,114202070424066
0,482461331190782 0,0285255734171433 0,115945298521282
0,490439510423671 0,0294576398791409 0,11770754791074
0,498538649091477 0,0304181876744089 0,119488831473693
0,506760900781518 0,0314080611895436 0,121289152335881
0,51510848278409 0,0324281311800607 0,123108503209506
0,523583678918475 0,0334792957406824 0,124946865690146
0,532188842508364 0,0345624813193726 0,126804209505089
0,540926399515363 0,0356786437772957 0,128680491709199
0,549798851839795 0,0368287694969671 0,130575655824133
0,558808780798523 0,038013876540952 0,132489630916301
0,567958850790041 0,0392350158635433 0,134422330608579
0,577251813157682 0,0404932725779413 0,136373652020278
0,58669051026234 0,0417897672815147 0,138343474629406
0,596277879776691 0,0431256574417872 0,140331659050676
0,606016959213454 0,0445021388458284 0,142338045722073
0,615910890700864 0,0459204471157581 0,144362453492165
0,625962926019064 0,0473818592930663 0,146404678099523
0,636176431911637 0,0488876954944139 0,148464490534835
0,646554895686947 0,050439320641489 0,150541635275339
0,657101931124555 0,052038146267403 0,152635828380227
0,667821284701973 0,0536856324018573 0,154746755434482
0,678716842157547 0,0553832895370992 0,156874069327461
0,689792635405026 0,0571326806762707 0,159017387851076
0,701052849815316 0,0589354234652921 0,161176291100979
0,71250183188035 0,0607931924087703 0,16335031866245
0,724144097273209 0,0627077211696175 0,165538966560866
0,735984339317331 0,0646808049510383 0,167741683954591
0,74802743787558 0,066714302958217 0,169957869545886
0,760278468667707 0,0688101409354804 0,17218686768301
0,77274271302077 0,0709703137726305 0,17442796412395
0,785425668052825 0,0731968881717234 0,176680381429315
0,798333057284055 0,0754920053624997 0,178943273948689
0,811470841661794 0,077857883850931 0,181215722361257
0,824845230976146 0,0802968221807853 0,183496727727752
0,838462695630514 0,0828112016825288 0,185785205006695
0,852329978715965 0,0854034891771296 0,188079975983612
0,866454108318826 0,088076239594051 0,190379761557336
0,880842409967106 0,0908320984527858 0,192683173322754
0,895502519091554 0,0936738041452024 0,194988704384535
0,910442393340512 0,0966041899413981 0,197294719331519
0,925670324542945 0,0996261856242463 0,199599443296833
0,941194950058995 0,102742818636741 0,201900950024595
0,95702526319041 0,105957214600996 0,204197148860651
0,973170622241939 0,109272597037621 0,206485770582654
0,989640757726287 0,112692286078277 0,208764351984472
1,00644577708687 0,116219695921679 0,21103021913235
1,02359616617081 0,119858330733166 0,21328046921649
1,04110278651556 0,123611778629137 0,215511950933085
1,05897686731335 0,127483703319285 0,217721243350354
1,07722999068363 0,131477832900829 0,219904633239905
1,09587406861347 0,1355979452094 0,222058090894874
1,11492130961637 0,139847849030869 0,224177244512157
1,13438417281311 0,144231360368493 0,226257353292232
1,15427530675805 0,148752272842566 0,228293279511537
1,17460746993147 0,1534143211802 0,230279459955162
1,195393429411 0,158221136638318 0,232209877268136
1,21664583385478 0,163176193105544 0,234078031998565
1,23837705662161 0,168282742565581 0,235876916371307
1,26034937080202 0,173484428315227 0,237580308825557
1,28237658643063 0,178735388460098 0,239170499627191
1,30439098075477 0,184016987449885 0,240641375665961
1,32636989859812 0,189321071568046 0,24199098120875
1,34830759635523 0,194643480408138 0,243218811870032
1,3702046136596 0,199981572528528 0,244324849467024
1,39206378815878 0,205333287099017 0,245309221607421
1,41388876785978 0,210696788251802 0,246172082885987
1,43568345959354 0,216070329741131 0,246913574101986
1,45745182786343 0,221452202787857 0,247533808738761
1,47919782469338 0,226840715326974 0,248032868862581
1,50092536836378 0,232234183121068 0,248410804202364
1,52263834032155 0,23763092536988 0,248667632242412
1,54434058879081 0,243029262033802 0,248803338580479
1,56603593481225 0,248427511817965 0,248817877295901
1,58772817913459 0,25382399041493 0,248711171241772
1,60942110939097 0,25921700884931 0,248483112232611
1,63111850737059 0,264604871860147 0,248133561117906
1,65282415633814 0,269985876291633 0,247662347737723
1,67454184840719 0,275358309476039 0,247069270757974
1,69627539199462 0,280720447597465 0,246354097382709
1,71802861939189 0,28607055402689 0,245516562940122
1,73980539449396 0,291406877619438 0,244556370338017
1,76160962072947 0,296727650964776 0,243473189383396
1,78344524923953 0,302031088581246 0,242266655959643
1,80531628735523 0,307315385043858 0,240936371053514
1,8272268074288 0,31257871303568 0,239481899622632
1,8491809560773 0,317819221311336 0,237902769292646
1,87118296390365 0,323035032560483 0,236198468871367
1,89323715576617 0,328224241158008 0,2343684466652
1,91534796167523 0,333384910786441 0,232412108580865
1,93751992840445 0,338515071914563 0,230328815992829
1,95975773191423 0,343612719114501 0,228117883353838
1,9820661906974 0,348675808197557 0,22577857552253
2,00445028017068 0,353702253146643 0,223310104778141
2,02691514825253 0,358689922820515 0,220711627487682
2,04946613228692 0,363636637401732 0,217982240385648
2,07210877749564 0,368540164556544 0,215120976419984
2,09484885716879 0,373398215270532 0,212126800110717
2,11769239483474 0,378208439318613 0,208998602358904
2,14064568868911 0,382968420321955 0,205735194633258
2,16371533860758 0,387675670337113 0,202335302449515
2,18690827612132 0,392327623914086 0,198797558042911
2,21023179779943 0,396921631549787 0,195120492116468
2,2336936025615 0,401454952451103 0,191302524526461
2,25730183353902 0,405924746506924 0,187341953740546
2,28106512522123 0,410328065350613 0,18323694487243
2,30499265676457 0,414661842372634 0,178985516058128
2,32909421252152 0,418922881516296 0,174585522891029
2,35338025106438 0,423107844656832 0,170034640573422
2,37786198425431 0,427213237323256 0,165330343367718
2,40255146825157 0,431235392471735 0,160469880836849
2,42746170880101 0,435170451955347 0,155450250244336
2,45260678368777 0,439014345254299 0,150268164332296
2,47800198598003 0,442762764927399 0,144920013499217
2,50366399261633 0,446411138112521 0,139401821143591
2,52961106412961 0,449954593230521 0,133709190603116
2,55586328294095 0,453387920819316 0,127837241672086
2,58244283985942 0,456705527121755 0,121780534078517
2,60918952377427 0,459880017582101 0,115576228326694
2,63591795367205 0,462885142892149 0,109270294824422
2,66256205004552 0,465711674652218 0,102882870885019
2,68910125051693 0,468356601917425 0,0964239316175695
2,71553216065354 0,470819144543073 0,0898994512324692
2,74185780217415 0,473099302648385 0,0833137946633089
2,76808355518098 0,475197331139249 0,0766706436824599
2,79421563015068 0,477113548827876 0,0699733576818703
2,82026049406991 0,478848268170368 0,0632251169873556
2,84622465662398 0,480401768504209 0,0564289824941297
2,87211459267326 0,481774285068195 0,0495879229578108
2,8979367167135 0,482966003842567 0,0427048296201057
2,92369737750462 0,483977058609732 0,0357825257194092
2,94940286081383 0,484807528912227 0,0288237737952706
2,97505939566715 0,485457438399524 0,0218312819212204
3,00067316232235 0,485926753348982 0,014807709321593
3,02625030125068 0,486215381254085 0,00775567156794189
3,05179692283311 0,486323169414355 0,000677745450017599
3,07731911764588 0,486249903478479 -0,00642352642328329
3,10282296728487 0,485995305900024 -0,0135456312537599
3,12831455571599 0,485559034269229 -0,0206860818826686
3,15379998116269 0,484940679486489 -0,0278424127901497
3,17928536855872 0,484139763744045 -0,0350121762392803
3,20477688260979 0,483155738282433 -0,0421929385401926
3,23028074152229 0,48198798088733 -0,0493822764108406
3,25580323147094 0,480635793090822 -0,0565777734116747
3,28135072189268 0,479098397038633 -0,0637770164319988
3,30692968170971 0,477374931981511 -0,0709775922060959
3,33254669660243 0,475464450344708 -0,0781770838372247
3,35820848747159 0,473365913324243 -0,0853730673071242
3,3839219302518 0,471078185952137 -0,0925631079483524
3,4096940772632 0,468600031565064 -0,0997447568557134
3,4355321803172 0,465930105601517 -0,106915547211902
3,46144371582643 0,463066948641359 -0,114072990500903
3,48743641220885 0,460008978588257 -0,121214572580595
3,51351827992292 0,456754481879474 -0,128337749583474
3,53969764452794 0,453301603588137 -0,135439943611391
3,56598318322984 0,449648336259997 -0,142518538186243
3,59238396545518 0,445792507298552 -0,149570873414119
3,61890949809315 0,441731764678455 -0,156594240814667
3,64556977616597 0,437463560725583 -0,163585877760793
3,67237533983372 0,432985133651306 -0,170542961465616
3,69933733882041 0,428293486465843 -0,177462602443607
3,72646760557136 0,42338536281789 -0,184341837360866
3,75377873873026 0,418257219210822 -0,19117762117459
3,78128419887443 0,412905192924081 -0,197966818443638
3,80899841888952 0,407325064814247 -0,204706193669779
3,83693693192835 0,401512215974074 -0,211392400501077
3,86511652062515 0,39546157697514 -0,218021969594148
3,89355539217654 0,389167568092252 -0,224591294887838
3,92227338513358 0,382624028478684 -0,23109661798491
3,95088296973518 0,37592132328044 -0,237444198986215
3,97921043124165 0,369107706474522 -0,243593584201537
4,00720932354046 0,362203858386887 -0,249534659448341
4,03488024407272 0,355219354891066 -0,255268192580354
4,0622398069889 0,348159354326592 -0,260798464055113
4,08930900001172 0,341027263062092 -0,266130571053892
4,11610899207039 0,333825786898143 -0,271269491383777
4,14265975312191 0,326557342550875 -0,276219795903321
4,168979709616 0,319224217594151 -0,280985592514224
4,19508576330937 0,311828632317367 -0,285570547532458
4,2209934231653 0,304372763717974 -0,289977928633578
4,24671696000679 0,296858755093178 -0,294210650010094
4,27226955347931 0,289288720290533 -0,298271313664825
4,29766342282597 0,281664746066316 -0,302162245465128
4,32290994066679 0,273988893832968 -0,305885526140509
4,34801973139123 0,266263201249617 -0,309443017838984
4,37300275630427 0,258489683800739 -0,312836386906451
4,39786838756815 0,250670336397166 -0,316067123485149
4,42262547271138 0,242807134997336 -0,319136558434899
4,44728239119067 0,234902038237492 -0,322045877993857
4,47184710423811 0,22695698905943 -0,324796136521599
4,49632719901436 0,218973916326963 -0,327388267606783
4,52072992791598 0,210954736425085 -0,329823093772435
4,54506224374412 0,20290135483846 -0,332101334972127
4,56933083132866 0,194815667707701 -0,334223616037975
4,59354213610853 0,186699563363513 -0,336190473215011
4,61770239009361 0,178554923839958 -0,338002359894816
4,64181763557122 0,170383626368944 -0,339659651643382
4,66589374686938 0,162187544858632 -0,341162650603381
4,6899364504463 0,153968551359147 -0,342511589338493
4,71395134354101 0,145728517519202 -0,343706634177046
4,7379439115909 0,137469316037626 -0,34474788810332
4,76191954459781 0,129192822114118 -0,345635393237292
4,78588355260452 0,120900914903696 -0,346369132937086
4,80984118042699 0,112595478979634 -0,346949033552717
4,8337976217743 0,104278405809837 -0,347374965854739
4,85775803287726 0,0959515952518857 -0,347646746157036
4,88172754573793 0,0876169570722719 -0,347764137148971
4,90571128110559 0,0792764124955782 -0,34772684844856
4,92971436127976 0,0709318957897537 -0,347534536884948
4,95374192283733 0,0625853558939678 -0,347186806515344
4,97779912937929 0,0542387580959927 -0,346683208378523
5,0018911843919 0,0458940857665268 -0,346023239984047
5,02602334431829 0,0375533421585149 -0,345206344533423
5,0502009319391 0,0292185522800748 -0,344231909866347
5,07442935016464 0,0208917648504543 -0,343099267122081
5,09871409634672 0,0125750543493333 -0,341807689102697
5,12306077722569 0,00427052317069764 -0,340356388321301
5,14747512463747 -0,00401969610627779 -0,338744514714494
5,17196301211674 -0,0122934383156184 -0,33697115299396
5,19653047254638 -0,0205485031569418 -0,335035319607246
5,22118371702009 -0,0287826524849402 -0,332935959272269
5,24592915510483 -0,036993607416855 -0,330671941043833
5,27077341671377 -0,0451790452366453 -0,328242053863186
5,29572337582903 -0,0533365960717891 -0,325645001533217
5,32078617634725 -0,0614638393154536 -0,322879397052092
5,34596926036158 -0,0695582997631166 -0,319943756226555
5,37128039924222 -0,0776174434283342 -0,316836490472459
5,39672772793597 -0,0856386729973051 -0,313555898693794
5,42231978297494 -0,0936193228757952 -0,310100158112076
5,44806554476928 -0,101556653774851 -0,30646731389451
5,47397448486166 -0,109447846773233 -0,302655267401077
5,50005661894585 -0,117289996784335 -0,298661762836227
5,52632256660522 -0,125080105343028 -0,294484372048814
5,55278361891572 -0,132815072613174 -0,290120477172013
5,57945181529144 -0,14049168849851 -0,285567250730808
5,60634003124263 -0,148106622717639 -0,280821632764595
5,63346207908161 -0,155656413676849 -0,275880304411953
5,66083282407496 -0,163137455940992 -0,270739657277542
5,68846831912899 -0,170545986060866 -0,26539575773911
5,71638596185334 -0,177878066463132 -0,259844305144258
5,74458251454381 -0,185123935494636 -0,254085168761491
5,77276654711744 -0,192202199655479 -0,248179720889623
5,80083510503884 -0,199084014107336 -0,242154638652155
5,82875775122448 -0,205760311451651 -0,236022596817105
5,85653119604781 -0,212229226753194 -0,229790670762166
5,88416194723315 -0,218491387269883 -0,223463676294347
5,91165976470035 -0,224548175240788 -0,21704548743374
5,93903523118657 -0,230401099646211 -0,21053955706416
5,96629887946637 -0,236051577991014 -0,203949125096163
5,99346090377844 -0,241500868077639 -0,197277304329185
6,0205310875399 -0,246750053553891 -0,190527118331064
6,04751880876777 -0,25180004786051 -0,183701520315855
6,07443307140744 -0,256651603712474 -0,176803404321969
6,10128254351244 -0,261305323538633 -0,169835613114406
6,12807559551968 -0,265761669336269 -0,162800944561697
6,15482033644406 -0,270020971490699 -0,155702157198772
6,18152464749203 -0,274083436492857 -0,148541975281002
6,20819621318019 -0,277949153611905 -0,14132309347464
6,23484255023056 -0,281618100611927 -0,134048181264089
6,26147103455355 -0,285090148601897 -0,126719887129054
6,28808892662089 -0,288365066098478 -0,1193408425319
6,31470339550766 -0,291442522369342 -0,111913665748951
6,34132154185765 -0,294322090113047 -0,104440965575592
6,36795042000534 -0,297003247521006 -0,0969253449322664
6,3945970594697 -0,299485379757505 -0,0893694043967057
6,42126848602141 -0,301767779885158 -0,0817757456863081
6,44797174251561 -0,303849649255279 -0,0741469751136774
6,47471390967569 -0,305730097375372 -0,0664857070377223
6,501502127011 -0,307408141258891 -0,058794567332585
6,52834361405184 -0,308882704255726 -0,0510761968966365
6,55524569208864 -0,310152614355042 -0,0433332552242965
6,58221580660944 -0,311216601945257 -0,0355684240641272
6,60926155064008 -0,312073297008764 -0,0277844111877911
6,63639068920613 -0,312721225721328 -0,019983954295914
6,66361118515387 -0,313158806417836 -0,012169825088767
6,69093122659079 -0,313384344876855 -0,00434483353211754
6,71835925623509 -0,313396028866207 0,00348816764867747
6,74590400299795 -0,313191921880087 0,0113262782096166
6,77357451616543 -0,312769955984778 0,019166545323327
6,80138020259743 -0,312127923674475 0,0270059581628107
6,82933086742325 -0,31126346862042 0,034841442081967
6,85743675878773 -0,310174075175014 0,042669852334011
6,88570861729235 -0,308857056466888 0,0504879672603957
6,91415773088515 -0,307309540892221 0,0582924808726855
6,94279599608656 -0,305528456770511 0,0660799947375229
6,97163598660124 -0,303510514888086 0,073847009060037
7,00069103056615 -0,301252188597723 0,0815899128431664
7,02997529793182 -0,298749691075244 0,0893049729784829
7,0595038997806 -0,295998949250452 0,0969883220974975
7,08929300176809 -0,292995573825682 0,104635944979496
7,11935995435623 -0,289734824664533 0,112243663271462
7,14972344311522 -0,286211570668156 0,119807118224797
7,18040366315063 -0,282420243045682 0,127321751090086
7,21142252271286 -0,278354780614424 0,134782780730558
7,24280388234743 -0,274008565413699 0,142185177912287
7,27457383764948 -0,269374346455175 0,149523635596849
7,30676105594592 -0,264444148822027 0,156792534390203
7,33939718025601 -0,259209164511195 0,163985902075424
7,37251731798912 -0,253659620303584 0,171097365856387
7,40616063748476 -0,247784616421958 0,178120095534521
7,44005858242284 -0,241629749201604 0,184984457713778
7,47387280164209 -0,235261927740174 0,191613951012971
7,50749470086522 -0,228711782172919 0,197983857373136
7,54090321232124 -0,221994824157703 0,204088436630147
7,57410909071039 -0,21512028513359 0,209928427286649
7,6071337379256 -0,208094721968 0,215506439174042
7,64000136989486 -0,200923478131886 0,220825310317412
7,67273625289443 -0,193611279613126 0,22588755472651
7,7053618376054 -0,186162483863031 0,230695202926367
7,73790058771504 -0,178581189448502 0,235249778348512
7,7703740514269 -0,170871289131554 0,239552316395358
7,80280300922878 -0,163036499254583 0,243603393138354
7,83520763859076 -0,155080378527109 0,247403152460819
7,86760767628273 -0,147006341474765 0,25095132824077
7,9000225736705 -0,138817668701183 0,25424726083019
7,93247164556954 -0,130517514864151 0,257289907905108
7,96497421500175 -0,122108914748798 0,26007784992864
7,99754975676869 -0,113594787586881 0,262609290414623
8,03021804296651 -0,104977939646878 0,264882051051139
8,06299929374165 -0,0962610650336644 0,266893561588622
8,095914336848 -0,0874467445593925 0,268640844226493
8,12898477998033 -0,0785374424638629 0,270120492042004
8,16223320047351 -0,0695355006632179 0,27132864078496
8,19568335783227 -0,0604431300805329 0,272260933097368
8,22936043577344 -0,0512623984484483 0,272912473887554
8,26329132213952 -0,0419952137557764 0,273277775165644
8,2975049373539 -0,0326433022125304 0,273350688091615
8,332032625294 -0,0232081791947149 0,273124319240417
8,366908624951 -0,0136911110460735 0,27259092706474
8,40217064762833 -0,00409306477278175 0,271741793103827
8,43786059365437 0,00558535856858389 0,27056706044242
8,47402545617218 0,0153440128431083 0,269055528941896
8,51071848004036 0,025183327069824 0,267194392312146
8,5480006755206 0,0351044703027243 0,264968895264843
8,58594283679298 0,0451095818387949 0,262361878206035
8,62462829827292 0,0552020996814019 0,259353159311207
8,66415680376073 0,0653872416035908 0,255918673896929
8,70465011837412 0,0756727323815045 0,252029237745393
8,746260496872 0,0860699467303247 0,247648700876964
8,78918410421106 0,0965957949376334 0,242731056731652
8,83368365632865 0,107276033641094 0,237215630407769
8,88012991340268 0,118151580360355 0,231018391202475
8,92908705109011 0,129292036522242 0,224014375339786
8,98152198509363 0,140830219835165 0,215995401293899
9 0,144794234096554 0,213046116615503
