1E-05 5E-06 0,5
0,00101153242834762 0,000505766129588161 0,499999854447711
0,00196338888372773 0,000981693978498817 0,499999301352923
0,00370299023638446 0,0018514919793953 0,499997462660711
0,00612149037852693 0,00306073094028305 0,499993021604495
0,00936474759212213 0,00468232266042472 0,499983623914276
0,0135501434317695 0,00677491661957266 0,499965666974054
0,0187794001582536 0,00938928691503937 0,49993400099248
0,025143396144497 0,0125707060052363 0,499881631344867
0,0327244600314522 0,0163600421925296 0,499799428583985
0,0415971116264368 0,020794061456931 0,499675859437339
0,0518279006912389 0,0259052563012858 0,49949675545943
0,0634744680422411 0,0317212620941298 0,499245144842171
0,0765838030572628 0,0382638485417997 0,498901184660132
0,0911896588401763 0,0455474714084326 0,498442244122527
0,10730916077318 0,0535774127187858 0,4978432007497
0,124605448848872 0,0621819196422628 0,497092570281407
0,142376172684504 0,0710079027650556 0,496205246368262
0,160341606209414 0,0799134930622572 0,495188825280065
0,178395336739597 0,0888433701115234 0,494046776846243
0,19649813598483 0,0977757200000028 0,492780518261759
0,214636351138368 0,106701455190778 0,491390504848749
0,232806036625415 0,115616296633279 0,489876751050036
0,251006954977926 0,124517782775905 0,488239066478773
0,269240311963353 0,133404140610636 0,486477159266488
0,287507899865181 0,142273857843555 0,484590680079234
0,305811772283869 0,151125519222176 0,482579240274005
0,324154120394612 0,159957742729824 0,480442418958273
0,342537226189395 0,168769153787309 0,478179765314965
0,360963445591907 0,177558374084005 0,475790798888139
0,379435203504112 0,186324016144031 0,473275008954879
0,397954993885376 0,195064680204137 0,470631853446264
0,416525382172648 0,203778952059199 0,467860757603021
0,435149008971149 0,212465401329416 0,464961112435953
0,45382859458164 0,221122579914843 0,461932273012695
0,472566944189196 0,229749020527947 0,458773556571388
0,491366953649083 0,23834323524668 0,455484240452171
0,510231615858096 0,246903714053602 0,452063559832046
0,529164027728002 0,255428923337177 0,448510705245089
0,548167397796379 0,263917304336729 0,444824819866774
0,5672450545242 0,272367271515142 0,441004996538076
0,586400455342433 0,280777210844699 0,437050274501475
0,605637196522383 0,289145477991822 0,432959635817109
0,624959023957532 0,297470396386164 0,428732001422868
0,644369844959194 0,305750255158921 0,424366226796976
0,663873741184448 0,313983306934113 0,419861097175611
0,683474982833121 0,322167765455044 0,415215322271076
0,703178044272054 0,330301803026364 0,410427530427729
0,722987621269484 0,338383547749735 0,405496262143261
0,74290865005206 0,346411080528609 0,400419962871237
0,762946328431024 0,354382431814086 0,395196975007356
0,783106139285389 0,36229557806012 0,389825528945502
0,803393876738823 0,370148437851637 0,384303733070257
0,82381567542597 0,377938867663742 0,378629562529082
0,844378043314624 0,385664657203593 0,372800846599172
0,865087898636623 0,39332352427877 0,366815254429548
0,885952611585088 0,400913109126615 0,360670278897131
0,906980051564785 0,40843096812777 0,354363218263967
0,928178640940831 0,415874566813355 0,347891155259394
0,949557416429143 0,423241272058843 0,341250933131739
0,971126099517909 0,430528343337009 0,334439128115639
0,992895177620585 0,437732922877412 0,327452017636474
1,01481740422787 0,444833257253237 0,32030479320708
1,03672742537957 0,451771892943688 0,313053124692333
1,05856670795771 0,458528857877716 0,305719861517817
1,08031702731361 0,465098013407898 0,298315144877582
1,10197512822591 0,471478220823794 0,290844221693794
1,12354320887378 0,477670091429109 0,283310438938558
1,14502537046865 0,483674800204892 0,275716386600542
1,16642630059533 0,489493656372358 0,26806433472221
1,18775079067234 0,4951279505801 0,260356401924318
1,2090035643629 0,500578902873115 0,252594621791901
1,23018922158766 0,505847647176361 0,244780970308475
1,25131222522877 0,510935228833381 0,236917378329843
1,27237690333018 0,515842606650945 0,229005738215011
1,29338745666883 0,520570656345079 0,221047908089551
1,31434796794598 0,525120174270473 0,21304571507582
1,33526241122854 0,529491881039448 0,205000958011198
1,35613466115875 0,533686424899945 0,196915409865539
1,37696850178134 0,537704384837169 0,188790819949982
1,39776763495977 0,541546273397255 0,180628915962802
1,41853568839774 0,545212539242817 0,172431405898936
1,4392762232974 0,548703569453356 0,164199979841789
1,4599927416903 0,552019691583848 0,155936311651713
1,48068869347753 0,555161175493922 0,147642060563383
1,50136748321492 0,558128234958965 0,139318872702601
1,52203247667762 0,560921029073104 0,130968382531961
1,54268700723735 0,563539663452782 0,122592214233836
1,56333438208464 0,56598419124833 0,114191983038274
1,5839778883269 0,568254613969632 0,105769296502916
1,60462079899308 0,570350882130835 0,0973257557512442
1,62526637897465 0,572272895717706 0,0888629566752036
1,6459178909329 0,574020504480167 0,0803824911076117
1,66657860120178 0,575593508051177 0,0718859479697164
1,68725178571681 0,57699165589205 0,0633749143986091
1,7079407360001 0,578214647062924 0,0548509768593422
1,72864876523303 0,579262129815908 0,046315722246117
1,74937921444877 0,580133701007006 0,0377707389770331
1,7701354588788 0,580828905321599 0,0292176180865116
1,79092091448896 0,581347234306676 0,0206579543197269
1,81173904474302 0,581688125201465 0,0120933472331678
1,83259336763435 0,581850959556328 0,00352540230556508
1,85348746302967 0,581835061627892 -0,00504426793655252
1,87442498037211 0,581639696536287 -0,0136140427742863
1,89540964679587 0,581264068168024 -0,0221822921282763
1,91644527570922 0,580707316805437 -0,0307473753624121
1,93753577590914 0,5799685164607 -0,0393076400544241
1,95868516129737 0,579046671889081 -0,0478614207281738
1,9798975612761 0,577940715252368 -0,0564070375421515
2,00117723191056 0,57664950239907 -0,0649427949282817
2,02252856795723 0,575171808723073 -0,0734669801747636
2,04395611586845 0,573506324556729 -0,0819778619460402
2,06546458789993 0,57165165004779 -0,0904736887325376
2,08705887746472 0,569606289461887 -0,0989526872221587
2,10874407589768 0,567368644843384 -0,107413060584511
2,13052549081906 0,564937008956893 -0,115852986658288
2,15240866631426 0,562309557419424 -0,124270616030986
2,17439940518065 0,559484339918556 -0,132664069999097
2,19650379353314 0,556459270394691 -0,141031438395517
2,21872822810794 0,553232116044808 -0,149370777269443
2,24107944666248 0,549800484980379 -0,157680106402276
2,26356456193907 0,546161812342318 -0,165957406641072
2,28619109974429 0,542313344639824 -0,174200617028653
2,3089670417997 0,538252122036109 -0,182407631707002
2,33190087414505 0,533974958250388 -0,190576296567421
2,35500164203066 0,529478417679635 -0,198704405617314
2,37827901242771 0,524758789261917 -0,206789697029502
2,4017433455246 0,519812056501587 -0,214829848835045
2,42540577687833 0,514633862949036 -0,222822474215239
2,44927831226949 0,509219472266714 -0,23076511634201
2,47323101789826 0,503597827135077 -0,238608825868008
2,49705541944593 0,497821447144142 -0,246282284542353
2,52068204736153 0,491914002198021 -0,253762440682359
2,54409447425347 0,485887305855464 -0,261044316086099
2,56729570910036 0,479748306991827 -0,268129381904292
2,59029536418641 0,473501913135517 -0,275021194726836
2,61310485015633 0,467152125000204 -0,281723795963725
2,63573563339791 0,460702495039813 -0,288241148066609
2,65819864883053 0,454156316721214 -0,294576954702934
2,68050414144799 0,447516706473139 -0,300734620102956
2,70266166157942 0,440786642538769 -0,306717256566578
2,72468011080093 0,433968986169679 -0,312527706727591
2,74656780061943 0,427066495259898 -0,318168568633744
2,76833251059708 0,420081834465459 -0,323642219625243
2,78998154171613 0,413017583465401 -0,328950837871645
2,81152176409328 0,40587624407356 -0,334096421434786
2,83295965928417 0,398660246531127 -0,339080805048666
2,85430135774698 0,391371955154404 -0,343905674885591
2,87555267207849 0,384013673444819 -0,348572581573543
2,89671912658767 0,376587648736751 -0,353082951700798
2,91780598369999 0,369096076441787 -0,357438098010909
2,93881826761595 0,361541103937493 -0,361639228460895
2,95976078558428 0,353924834141505 -0,365687454289174
2,98063814709751 0,346249328805999 -0,3695837972178
3,0014547812728 0,338516611563095 -0,373329195894986
3,02221495264358 0,330728670747817 -0,376924511668568
3,04292277555619 0,322887462022109 -0,380370533768017
3,06358222733933 0,314994910820608 -0,383667983961798
3,08419716039226 0,30705291463645 -0,386817520747665
3,10477131331855 0,299063345163451 -0,389819743125692
3,1253083212167 0,291028050309146 -0,392675193997211
3,14581172522531 0,282948856091697 -0,395384363227173
3,16628498140888 0,274827568432316 -0,397947690402585
3,18673146906068 0,266665974853783 -0,400365567315441
3,20715449849072 0,258465846094466 -0,402638340195032
3,22755731835957 0,250228937646552 -0,404766311711249
3,24794312261267 0,241956991226314 -0,406749742767845
3,26831505706447 0,233651736183668 -0,408588854102119
3,28867622567732 0,22531489085755 -0,410283827705427
3,30902969657599 0,216948163883326 -0,411834808076983
3,32937850783568 0,208553255457795 -0,413241903321764
3,34972567307835 0,200131858567187 -0,414505186101781
3,37007418691008 0,191685660183011 -0,415624694448668
3,39042703023009 0,183216342430536 -0,416600432444217
3,41078717544066 0,174725583734281 -0,417432370774422
3,43115759158601 0,166215059944753 -0,41812044716146
3,45154124944692 0,157686445450619 -0,418664566677067
3,47194112661784 0,149141414280171 -0,419064601939829
3,49236021259245 0,140581641196003 -0,419320393197956
3,51280151388385 0,132008802786741 -0,419431748298237
3,53326805920562 0,123424578559551 -0,419398442541
3,55376290474057 0,114830652037273 -0,419220218419985
3,57428913952483 0,106228711863935 -0,418896785245172
3,59484989097577 0,0976204529226072 -0,418427818645664
3,61544833059394 0,0890075774694955 -0,417812959948746
3,6360876798708 0,0803917962883847 -0,417051815430258
3,65677121643587 0,0717748298697392 -0,416143955430278
3,67750228047982 0,0631584096188771 -0,41508891332699
3,69828428149267 0,0545442790979237 -0,413886184360272
3,71912070535966 0,0459341953065336 -0,412535224295184
3,74001512186167 0,0373299300066698 -0,411035447913926
3,76097119263132 0,0287332710971442 -0,409386227323126
3,78199267962132 0,020146024044073 -0,407586890061368
3,80308345414822 0,0115700133738461 -0,405636716989626
3,82424750658124 0,00300708423590684 -0,403534939944832
3,84548895675496 -0,00554089595682872 -0,401280739133896
3,86681206519362 -0,0140720358012003 -0,398873240242271
3,8882212452464 -0,0225844180811147 -0,396311511227405
3,90972107624591 -0,0310760978384052 -0,393594558763086
3,93131631781759 -0,0395451003255059 -0,39072132429565
3,95301192548506 -0,0479894188268636 -0,387690679667233
3,97481306773769 -0,0564070123344812 -0,384501422254386
3,99672514475102 -0,064795803061247 -0,381152269562391
4,01875380897964 -0,0731536737735661 -0,377641853206202
4,04090498787598 -0,081478464922469 -0,37396871219782
4,06318490902995 -0,0897679715496276 -0,370131285446638
4,08560012807182 -0,0980199399413644 -0,366127903363608
4,10815755973973 -0,106232064000036 -0,361956778441148
4,13086451258262 -0,114401981297571 -0,357615994658032
4,15372872785401 -0,122527268770815 -0,353103495530994
4,17675842325485 -0,130605438011872 -0,348417070601436
4,19996234230914 -0,138633930099336 -0,343554340104771
4,22334981030982 -0,146610109907205 -0,338512737519842
4,24693079796324 -0,154531259817632 -0,333289489633774
4,27069301535588 -0,162387038397438 -0,327886884831469
4,29443843129131 -0,170107392438796 -0,32235150133949
4,31809656326025 -0,177667073325286 -0,316703712880546
4,34164581754899 -0,185057746702654 -0,310953390950943
4,36508294019709 -0,192277314453528 -0,305106217751336
4,38841136245825 -0,199325901425061 -0,299166181690348
4,41163679925813 -0,206204363448912 -0,293136558646704
4,43476560562642 -0,212913739613282 -0,287020298719773
4,45780417646351 -0,219455056063829 -0,280820180578319
4,48075873899584 -0,225829259845825 -0,274538875044807
4,5036352917457 -0,232037200320175 -0,268178973128998
4,52643959713447 -0,238079627560297 -0,26174299999966
4,54917719283141 -0,243957196445995 -0,255233423259263
4,57185340886158 -0,249670472339944 -0,248652658788703
4,59447338573741 -0,255219936884845 -0,242003075450635
4,61704209197175 -0,260605993434227 -0,235286999171673
4,63956434047916 -0,265828971983383 -0,228506716624253
4,66204480378858 -0,270889133591088 -0,221664478611099
4,68448802813401 -0,275786674322996 -0,214762503207862
4,70689844653275 -0,280521728757848 -0,207802978699267
4,72928039096572 -0,285094373097051 -0,200788066335058
4,7516381037693 -0,289504627914629 -0,193719902927059
4,77397574833805 -0,293752460580124 -0,186600603305645
4,79629741922837 -0,297837787382732 -0,179432262651865
4,81860715174428 -0,301760475381107 -0,172216958719728
4,84090893107934 -0,305520343999803 -0,164956753961781
4,86320670108178 -0,309117166390251 -0,157653697570062
4,88550437270493 -0,312550670571441 -0,150309827443389
4,90780583220026 -0,31582054036302 -0,142927172091305
4,93011494910695 -0,318926416121318 -0,135507752484124
4,95243558408874 -0,321867895286779 -0,128053583858082
4,97477159666694 -0,324644532749448 -0,12056667748399
4,9971268528963 -0,32725584103732 -0,113049042407592
5,0195052330302 -0,329701290330847 -0,105502687169242
5,04191063922051 -0,331980308305149 -0,0979296215106215
5,06434700329796 -0,334092279800058 -0,0903318580757486
5,08681829467937 -0,336036546316425 -0,0827114141137871
5,10932852844943 -0,337812405335699 -0,0750703131908502
5,13188177366634 -0,33941910945805 -0,0674105869183145
5,15448216194335 -0,340855865352726 -0,0597342767051655
5,17713389636096 -0,342121832512496 -0,052043435542152
5,19984126076867 -0,343216121802159 -0,0443401298258748
5,22260862953956 -0,344137793789036 -0,0366264412312714
5,24544047784656 -0,344885856841101 -0,0289044686414471
5,26834139253592 -0,34545926497589 -0,0211763301444053
5,29131608368063 -0,345856915440572 -0,0134441651069399
5,31436939690627 -0,346077646000378 -0,00571013633667701
5,33750632659137 -0,346120231909066 0,00202356765561373
5,36073203005749 -0,345983382531006 0,00975473028037549
5,38405184287815 -0,345665737579858 0,0174811043657755
5,40747129545278 -0,345165862933406 0,025200409510411
5,4309961310117 -0,344482245977943 0,0329103292744729
5,45463232524127 -0,343613290428342 0,040608508189526
5,47838610774569 -0,342557310561504 0,048292548564678
5,50226398559468 -0,341312524790954 0,0559600070641721
5,52627276924401 -0,339877048498624 0,0636083910280401
5,55041960116229 -0,338248886025979 0,0712351545037757
5,5747119875509 -0,336425921710131 0,0788376939522653
5,59915783360998 -0,334405909830786 0,0864133435860717
5,6237654828819 -0,332186463310091 0,0939593702918051
5,64854376129825 -0,32976504097876 0,101472968080756
5,67350202667214 -0,327138933186967 0,108951252003058
5,69865022451895 -0,324305245495873 0,116391251449986
5,72399895126142 -0,321260880133415 0,123789902755873
5,74955952608991 -0,318002514833313 0,131144040995652
5,77534407301427 -0,314526578595923 0,138450390854735
5,80136561497797 -0,310829223808976 0,145705556424616
5,82763818232517 -0,306906294039387 0,152906009748593
5,85417693844567 -0,302753286646209 0,160048077906077
5,88099832610692 -0,298365309158335 0,167127928378914
5,90812023886591 -0,293737028093897 0,174141552386311
5,93556222310672 -0,288862608550336 0,181084745802683
5,9633457177674 -0,283735642435839 0,187953087179722
5,99135250510224 -0,278376681675913 0,194708140206266
6,01929509075092 -0,272843874301537 0,201274957781119
6,0470750542845 -0,26716379927873 0,20762851265863
6,07466655134725 -0,26134998285227 0,21376240908299
6,10207059663945 -0,255410575200468 0,219676882238548
6,12929757508509 -0,249351463407793 0,225374321928031
6,15636067493341 -0,243177526358483 0,230857641027662
6,18327348753188 -0,236893143873328 0,236129702557945
6,21004918036851 -0,230502408229942 0,2411931354113
6,23670025592505 -0,22400921686541 0,246050289861315
6,26323852275241 -0,217417317249941 0,250703241199209
6,28967513863616 -0,21073033207481 0,255153808171114
6,31602067412633 -0,203951775944414 0,25940357439581
6,34228517799253 -0,197085068069234 0,263453908801374
6,36847823857283 -0,190133542813481 0,26730598394435
6,39460903951419 -0,183100458902814 0,270960792055617
6,42068640998227 -0,175989007676161 0,274419158970011
6,44671886990789 -0,168802320591527 0,277681756173225
6,47271467093661 -0,161543476119518 0,280749111196643
6,49868183371576 -0,154215506121878 0,283621616564438
6,52462818208535 -0,146821401792311 0,286299537467086
6,55056137466833 -0,139364119224491 0,288783018307229
6,57648893429262 -0,131846584663275 0,29107208823936
6,6024182756239 -0,124271699488537 0,293166665803795
6,62835673134468 -0,11664234497579 0,295066562737583
6,65431157717979 -0,108961386873594 0,296771487029643
6,68029005604079 -0,101231679834398 0,298281045274194
6,70629940154028 -0,0934560717328648 0,299594744364835
6,73234686111118 -0,0856374079036674 0,300711992561281
6,75843971895531 -0,0777785353293451 0,301632099951255
6,78458531903879 -0,0698823068078049 0,302354278321281
6,81079108835011 -0,0619515851286233 0,302877640441741
6,83706456063822 -0,0539892472872407 0,303201198763457
6,86341340085451 -0,0459981887666095 0,303323863514919
6,88984543053236 -0,0379813279167446 0,303244440180977
6,91636865435329 -0,0299416104640569 0,302961626335093
6,94299128816815 -0,0218820141841834 0,302474007787933
6,9697217887674 -0,0138055537746141 0,301780054004847
6,99656888572563 -0,00571528596653016 0,300878112733431
7,02354161568504 0,00238568508093288 0,299766403769538
7,05064935948939 0,0104942020559134 0,298443011775373
7,07790188263774 0,0186070483848328 0,296905878046309
7,10530937959771 0,0267209416785951 0,295152791103079
7,13288252260177 0,0348325266649647 0,293181375962479
7,16063251565369 0,0429383675282035 0,290989081911684
7,1885711545972 0,0510349395649455 0,288573168577632
7,21671089425176 0,0591186200506963 0,285930690042338
7,24506492380778 0,0671856781936834 0,283058476705556
7,27364725190458 0,0752322640312397 0,279953114535723
7,30247280310044 0,0832543960975657 0,27661092127548
7,33155752779993 0,091247947659358 0,273027919075416
7,3609185281508 0,0992086312757249 0,269199802913807
7,39057420298571 0,107131981388981 0,265121904014073
7,42054441560112 0,115013334590417 0,260789147286255
7,45085068908404 0,122847807126303 0,256196001581261
7,48151643508502 0,130630269108902 0,251336421239721
7,5125672234852 0,138355314768381 0,246203777016977
7,54403110244781 0,146017227914282 0,240790773938158
7,57593898106543 0,153609941556194 0,23508935293452
7,60832509048259 0,161126990343305 0,229090572164753
7,64122754438173 0,168561454093583 0,22278446263121
7,67421746469396 0,175803935661207 0,216254654873001
7,70713219829783 0,182811930314669 0,209540714479456
7,73992698293726 0,189571463111864 0,202661143058837
7,77260115242766 0,196078782088829 0,195625857215972
7,80516987021003 0,202333513004886 0,188441232944484
7,83765353458659 0,20833615614247 0,18111212056808
7,87007392098528 0,214087194930978 0,173642648610285
7,9024528652066 0,219586793826506 0,166036547411101
7,93481189469417 0,22483470700678 0,158297282521915
7,96717220787534 0,229830259058379 0,150428112178234
7,99955477807638 0,23457234723894 0,142432113691176
8,03198050065369 0,239059447260697 0,134312196278178
8,06447035547396 0,243289616250093 0,126071107124888
8,09704557699104 0,247260490667746 0,11771143323867
8,1297278318253 0,250969278331292 0,1092355999505
8,1625394068639 0,25441274402582 0,100645866189552
8,19550341247416 0,25758718814466 0,0919443162816806
8,22864400662809 0,260488417595622 0,0831328477636666
8,26198664707726 0,263111707898562 0,0742131544531564
8,2955583804715 0,26545175499137 0,06518670371331
8,32938817973351 0,267502614725337 0,0560547064547982
8,36350734438674 0,269257627314204 0,0468180778731042
8,39794998333242 0,270709323021756 0,0374773861499552
8,43275360646451 0,271849304002923 0,0280327852377448
8,46795986157881 0,272668095253083 0,0184839262096737
8,50361546803071 0,273154954747939 0,0088298391911612
8,53977342146617 0,273297628539384 -0,000931225925323999
8,57649457977028 0,27308202990094 -0,0108020178400232
8,6138497982478 0,272491810975901 -0,02078658907688
8,65192287896939 0,271507777789672 -0,030890732783444
8,69081476852048 0,270107069160627 -0,0411226257784423
8,73064974930201 0,268261965106403 -0,0514938084399742
8,77158497598979 0,26593808470344 -0,0620207427907645
8,81382598300866 0,263091514716202 -0,0727274264974733
8,85765373098264 0,259663913518435 -0,0836500947875341
8,9034764525656 0,25557335808178 -0,094846514473862
8,9519434842912 0,250694804517675 -0,106417027263198
9 0,245311023452673 -0,117589574646541
