1E-15 1 0
2,39706214287283E-11 1 -1,59795254649088E-11
4,6862673898972E-11 1 -2,5390635454251E-11
9,26467788394595E-11 1 -4,72706833714908E-11
1,84214988720434E-10 1 -9,25620726712096E-11
3,67351408482384E-10 1 -1,83893010202743E-10
7,33624248006284E-10 1 -3,66915804277731E-10
1,46616992705408E-09 1 -7,33134383148442E-10
2,93126128514968E-09 1 -1,46565418718875E-09
5,86144400134088E-09 1 -2,93073321512221E-09
1,17218094337233E-08 1 -5,86091005772722E-09
2,34425402984881E-08 1 -1,17212726926683E-08
4,68840020280177E-08 0,999999999999999 -2,34420022252001E-08
9,37669254870769E-08 0,999999999999998 -4,68834633203049E-08
1,87532772405195E-07 0,999999999999991 -9,376638647725E-08
3,75064466241432E-07 0,999999999999965 -1,875322332515E-07
7,50127853913906E-07 0,999999999999859 -3,75063927019206E-07
1,50025462925885E-06 0,999999999999437 -7,5012731465887E-07
3,00050817994875E-06 0,999999999997749 -1,50025408998679E-06
6,00101528132853E-06 0,999999999990997 -3,00050764065731E-06
1,20020294840881E-05 0,999999999963988 -6,00101474193783E-06
2,40040578896073E-05 0,999999999855951 -1,20020289439298E-05
4,80081147006456E-05 0,999999999423805 -2,40040573433205E-05
9,60162283227222E-05 0,999999997695221 -4,80081141053371E-05
0,000192032455566875 0,999999990780884 -9,60162273352431E-05
0,000384064910055182 0,999999963123536 -0,000192032451442033
0,000768129819031795 0,99999985249415 -0,000384064880831431
0,00153625963698502 0,999999409976666 -0,000768129589016791
0,00307251927289147 0,999997639907674 -0,00153625780064043
0,00614503854470438 0,99999055964683 -0,00307250458592399
0,0122900770883302 0,999962238845438 -0,00614492105319473
0,0245801541755818 0,999848959511492 -0,0122891371745931
0,041291384709805 0,999573800149161 -0,0206412650984081
0,0604738517217514 0,999085936076055 -0,0302230642131119
0,0810697772924741 0,998357595944312 -0,0405015446159555
0,102514887907493 0,99737439762918 -0,051190077992604
0,124504838108187 0,996128387067188 -0,0621318046792254
0,146870761964662 0,994614508550329 -0,0732374773296078
0,169515864757971 0,992828982355046 -0,0844537738515749
0,192383060603523 0,990768568831745 -0,0957471151718012
0,215438104453094 0,988430219976873 -0,107095223299587
0,238660526417206 0,985810898604053 -0,118482577040256
0,26203858405725 0,982907471539554 -0,129897874083744
0,285566347543836 0,979716636816674 -0,141332557098497
0,309241957715225 0,976234867037299 -0,152779923801825
0,33306655439741 0,972458360300912 -0,164234569526853
0,357043603532273 0,968382994032138 -0,175692026299277
0,38117847179152 0,964004278767786 -0,187148522397258
0,405478161760665 0,959317309738157 -0,198600818453255
0,429951156512022 0,954316714397472 -0,210046093888349
0,454607342975765 0,94899659412784 -0,221481867603378
0,479457995892005 0,943350458243491 -0,23290594284098
0,504478296784349 0,937380313445559 -0,244299371144739
0,529262541571264 0,931186838882665 -0,255472651575176
0,553679759183651 0,92481567875247 -0,266365860190147
0,577704595300843 0,918288685959245 -0,276968301056138
0,60134927977736 0,911617639564245 -0,287286491465911
0,624637572259698 0,904810025331771 -0,297332037881831
0,647595219198824 0,897871430344362 -0,307117260093128
0,670246713497377 0,890806531695696 -0,316653740797126
0,692614391424992 0,88361950916585 -0,325951945511018
0,714718356193354 0,876314223260678 -0,335021213724634
0,73657666436566 0,868894297545126 -0,343869863697475
0,758205571547299 0,861363161455545 -0,352505319496186
0,779619768785371 0,853724076259415 -0,360934230359107
0,800832590412625 0,845980153338909 -0,369162574578391
0,821856191204646 0,838134368564888 -0,377195747584367
0,842701696012398 0,830189574360534 -0,385038636116808
0,863379326134757 0,822148510181178 -0,392695680735034
0,883898506435135 0,814013811779946 -0,400170928713447
0,904267956596256 0,805788019477127 -0,407468079034139
0,924495769287053 0,797473585581913 -0,414590520866392
0,944589477481987 0,789072881079608 -0,421541366651846
0,964556112740462 0,780588201675948 -0,428323480696314
0,984402255909009 0,772021773275693 -0,434939503996531
1,00413408143659 0,763375756961414 -0,441391875894033
1,02375739627742 0,754652253529263 -0,447682853040624
1,04327767418306 0,745853307631339 -0,453814526073899
1,06270008604872 0,736980911567423 -0,459788834332984
1,08202952686683 0,728037008763834 -0,46560757888907
1,10127063975165 0,719023496972204 -0,47127243412071
1,12042783742471 0,709942231217188 -0,476784958027145
1,13950532149125 0,700795026518459 -0,482146601443125
1,15850709978785 0,691583660409469 -0,487358716293848
1,17743700204033 0,682309875272906 -0,492422563008227
1,19629869403695 0,672975380510368 -0,497339317191647
1,2150956904931 0,663581854561961 -0,502110075645104
1,2338313667597 0,654130946789772 -0,506735861805595
1,25250896950698 0,644624279237688 -0,511217630672536
1,27113162649859 0,635063448278676 -0,515556273276445
1,28970235555585 0,625450026159526 -0,51975262073877
1,30822407279964 0,615785562452153 -0,523807447965537
1,32669960024697 0,606071585419378 -0,527721477012224
1,34513167282984 0,596309603302683 -0,531495380152563
1,36352294489606 0,586501105538442 -0,535129782680145
1,38187599624524 0,576647563908695 -0,538625265468162
1,40019333774689 0,566750433631843 -0,54198236730977
1,41847741658241 0,556811154398391 -0,545201587058831
1,43673062114886 0,546831151356063 -0,54828338558868
1,45495528565774 0,53681183604861 -0,551228187584469
1,47315369445916 0,526754607312027 -0,554036383182968
1,4913280861187 0,516660852131683 -0,556708329472135
1,50948065727152 0,506531946463585 -0,559244351861447
1,52761356627614 0,496369256022779 -0,561644745332725
1,5457289366883 0,486174137041541 -0,563909775580213
1,56382886057352 0,475947937000054 -0,56603968004759
1,58191540167548 0,465691995331786 -0,568034668868877
1,59999059845596 0,455407644105879 -0,569894925719316
1,61805646702102 0,44509620868861 -0,571620608581685
1,63611500394684 0,434759008385819 -0,573211850432833
1,65416818901819 0,424397357068111 -0,574668759854698
1,67221798789106 0,414012563780692 -0,575991421573473
1,69026635469092 0,403605933339364 -0,577179896930179
1,70831523455747 0,393178766914225 -0,578234224285416
1,72636656614585 0,38273236260258 -0,579154419360656
1,74442228409441 0,372268015992495 -0,579940475518029
1,76248432146832 0,361787020718471 -0,580592363980228
1,78055461218866 0,35129066901035 -0,581110033991753
1,79863509345619 0,340780252236876 -0,581493412922416
1,81672770817867 0,330257061445212 -0,581742406313663
1,83483440741114 0,319722387897514 -0,581856897867969
1,85295715281825 0,309177523605908 -0,581836749381207
1,87109791916779 0,298623761867053 -0,581681800617617
1,88925869686536 0,288062397797412 -0,58139186912661
1,90744149453967 0,277494728870509 -0,580966750000355
1,92564834168867 0,266922055457401 -0,580406215570736
1,94388129139732 0,256345681371558 -0,579710015043883
1,96214242313791 0,245766914419405 -0,578877874070131
1,98043384566493 0,235187066957751 -0,577909494246834
1,99875770001677 0,22460745645958 -0,576804552551057
2,01711616263766 0,214029406089332 -0,575562700698659
2,03551144863422 0,203454245289266 -0,574183564425842
2,05394581518176 0,192883310378251 -0,572666742688631
2,07242156509737 0,182317945164499 -0,571011806775194
2,09094105059735 0,171759501573923 -0,569218299325247
2,10950667725907 0,161209340295671 -0,567285733250032
2,12812090820849 0,150668831446741 -0,565213590545613
2,14678626855692 0,140139355257438 -0,563001320991258
2,16550535011304 0,129622302779733 -0,560648340723743
2,18428081639867 0,119119076620586 -0,558154030677245
2,20311540799985 0,108631091702559 -0,55551773487724
2,22201194828838 0,098159776054093 -0,552738758575409
2,24097334955263 0,0877065716320972 -0,549816366210907
2,26000261958119 0,0772729351796257 -0,546749779181559
2,27910286874794 0,0668603391216488 -0,543538173406402
2,2982773176528 0,0564702725022363 -0,540180676658688
2,31752930537943 0,0461042419666681 -0,536676365645654
2,33686229843887 0,0357637727922067 -0,533024262808266
2,35627990047666 0,0254504099719286 -0,529223332810578
2,37578586283186 0,0151657193559235 -0,525272478684097
2,39538409604792 0,00491128885492204 -0,521170537587758
2,41507868244971 -0,00531127028830468 -0,516916276138506
2,43487388991643 -0,0155003221537207 -0,512508385260944
2,45477418700043 -0,0256542047187185 -0,507945474496768
2,47478425956308 -0,0357712283455059 -0,503226065705782
2,49490430509483 -0,045847319958895 -0,498349746279825
2,51501269903184 -0,0558182458339577 -0,493346886071291
2,53506553096553 -0,0656601611106476 -0,488230944136764
2,55504854639941 -0,0753645113215356 -0,483008653908046
2,57495865488723 -0,0849284564071261 -0,477684076930822
2,59479690072161 -0,0943512618963113 -0,472260196688551
2,6145658069374 -0,103632947012851 -0,466739542870673
2,63426837726395 -0,112773780756897 -0,461124436368871
2,65390772473589 -0,12177409555706 -0,455417086407697
2,6734869366338 -0,130634219565711 -0,449619630085617
2,69300902826628 -0,13935445313471 -0,443734149450712
2,7124769299285 -0,147935061638465 -0,437762679756023
2,73189348605908 -0,156376274257743 -0,431707214192852
2,75126145871003 -0,164678284858955 -0,42556970716197
2,770583532383 -0,172841253538135 -0,419352076887877
2,78986231914592 -0,180865308306818 -0,413056207694888
2,80910036364251 -0,188750546734316 -0,406683952075407
2,82830014786953 -0,196497037485805 -0,400237132607194
2,84746409569168 -0,204104821740985 -0,393717543747668
2,86659457710041 -0,211573914494605 -0,387126953521311
2,88569391223304 -0,218904305745078 -0,380467105111489
2,90476437517207 -0,226095961578909 -0,373739718365489
2,92380819754457 -0,23314882515857 -0,366946491220301
2,94282757194019 -0,240062817620861 -0,360089101055819
2,96182465516518 -0,246837838892217 -0,353169205981434
2,98080157134826 -0,253473768426674 -0,346188446061567
2,99976041491314 -0,2599704658717 -0,339148444485086
3,01870325343126 -0,266327771666453 -0,332050808683284
3,03763213036744 -0,272545507576587 -0,324897131400628
3,05654906773009 -0,278623477169245 -0,31768899172222
3,07545606863699 -0,28456146623141 -0,310427956061646
3,0943551198071 -0,290359243134488 -0,303115579112566
3,11324819398788 -0,296016559147583 -0,295753404767227
3,13213725232762 -0,301533148701608 -0,28834296700484
3,15102424670157 -0,3069087296061 -0,280885790752582
3,16991112200001 -0,312143003220242 -0,27338339272191
3,18879981838697 -0,317235654579474 -0,265837282222518
3,20769227353704 -0,32218635247864 -0,258248961956414
3,22659042485847 -0,326994749512556 -0,250619928794211
3,24549621170984 -0,331660482074489 -0,242951674535863
3,26441157761824 -0,336183170312928 -0,235245686657814
3,28333847250618 -0,340562418046718 -0,227503449048595
3,30227885493521 -0,344797812638492 -0,219726442734691
3,32123469437369 -0,348888924826017 -0,211916146598627
3,34020797349678 -0,352835308510938 -0,204074038091016
3,35920069052655 -0,356636500504088 -0,196201593938426
3,37821486162068 -0,360292020226394 -0,188300290848766
3,39725252331833 -0,363801369364041 -0,180371606216054
3,41631573505222 -0,36716403147644 -0,172417018826236
3,43540658173655 -0,370379471555156 -0,164438009565888
3,45452717644059 -0,373447135531734 -0,156436062135605
3,47367966315862 -0,37636644973202 -0,148412663769929
3,49286621968782 -0,379136820274301 -0,140369305965622
3,51208906062591 -0,381757632408136 -0,132307485220293
3,53135044050168 -0,384228249790447 -0,124228703783404
3,55065265705269 -0,386548013694995 -0,116134470421627
3,56999805466498 -0,388716242150871 -0,108026301200879
3,58938902799171 -0,390732229005163 -0,0999057202872037
3,60882802576835 -0,392595242904367 -0,0917742607690041
3,62831755484446 -0,394304526188508 -0,0836334655031254
3,64786018445328 -0,395859293691218 -0,0754848879875553
3,66745855074291 -0,397258731438261 -0,0673300932636411
3,68711536159514 -0,398501995236112 -0,059170658850948
3,70683340176056 -0,399588209141248 -0,0510081757181036
3,72661553834188 -0,400516463799669 -0,0428442492932719
3,74646472666065 -0,401285814644985 -0,0346805005181815
3,76638401654665 -0,401895279941963 -0,0265185669499525
3,78637655909352 -0,40234383866086 -0,018360103915425
3,80644561392978 -0,402630428166076 -0,0102067857229486
3,82659455705957 -0,402753941700573 -0,00206030693737009
3,84682688933469 -0,402713225645197 0,00607761627581998
3,86714624562717 -0,402507076529319 0,0142052447303864
3,88755640477998 -0,402134237766116 0,0223208147158209
3,9080613004245 -0,401593396082268 0,0304225364022189
3,92866503276446 -0,400883177607683 0,0385085921443493
3,94937188144022 -0,400002143586125 0,0465771346747276
3,9701863196032 -0,398948785662 0,0546262851743134
3,99111302934892 -0,397721520692109 0,0626541312081375
4,0121569186789 -0,396318685023511 0,0706587245114826
4,0333231401873 -0,394738528169774 0,0786380786104523
4,05461711169906 -0,392979205807236 0,0865901662588874
4,07604453912137 -0,391038772000512 0,0945129166707528
4,09761144181393 -0,388915170551538 0,102404212524796
4,11932418083378 -0,386606225348757 0,110261886714543
4,14118949047212 -0,38410962957175 0,118083718813122
4,16321451357407 -0,381422933580994 0,125867431217735
4,18540684122167 -0,378543531291375 0,133610684933284
4,20777455746908 -0,375468644790306 0,141311074948244
4,23032628995202 -0,372195306915085 0,148966125148319
4,25307126735701 -0,368720341447181 0,15657328270435
4,27601938493855 -0,365040340510753 0,164129911859811
4,29918127952537 -0,361151638674803 0,171633287030237
4,32256841577297 -0,357050283148288 0,179080585110429
4,34619318582119 -0,352731999318116 0,186468876865768
4,37006902502501 -0,348192150702645 0,193795117259302
4,39416981294367 -0,343433881790327 0,201044008982618
4,41824338745389 -0,338508375585212 0,208134900209991
4,44220015387637 -0,333439118511874 0,215039840965614
4,46601318680546 -0,328238156387374 0,221750761166023
4,48967904522295 -0,322912823076966 0,228266835363649
4,51320275349323 -0,317468465433487 0,234589736395027
4,53659212383505 -0,311909540310681 0,240721881435596
4,55985564503565 -0,306240058813035 0,246665797960042
4,58300172261408 -0,30046377025568 0,252423905051677
4,60603842699561 -0,294584242321857 0,257998447020693
4,62897342988709 -0,288604899517568 0,26339148166864
4,65181400815579 -0,282529044525658 0,268604887180865
4,67456707002017 -0,276359872226449 0,273640374520552
4,69723918690781 -0,270100480296454 0,278499500660719
4,71983662507702 -0,263753877985943 0,283183681095731
4,74236537510248 -0,257322993761169 0,287694201196342
4,76483117878829 -0,250810682130989 0,29203222636498
4,78723955358204 -0,244219729827563 0,296198811074483
4,80959581472081 -0,237552861446298 0,300194906904876
4,83190509537042 -0,230812744619901 0,304021369691686
4,85417236500578 -0,224001994785239 0,307678965888271
4,8764024462555 -0,217123179591744 0,311168378231783
4,89860003040696 -0,210178822992977 0,314490210790169
4,92076969174422 -0,203171409057618 0,317644993456832
4,94291590086967 -0,196103385531697 0,320633185950252
4,96504303714274 -0,1889771671802 0,323455181367853
4,98715540035326 -0,18179513893312 0,326111309336533
5,0092572217347 -0,174559658858304 0,328601838796348
5,0313526744112 -0,167273060981254 0,330926980448699
5,0534458833638 -0,159937657970032 0,333086888895908
5,07554093499293 -0,152555743701848 0,335081664495136
5,09764188634895 -0,14512959572637 0,336911354946142
5,11975277409624 -0,137661477639743 0,338575956629275
5,14187762327346 -0,130153641382106 0,340075415707335
5,16402045590829 -0,122608329470732 0,341409629002365
5,18618529954332 -0,115027777180037 0,34257844465617
5,2083761957278 -0,10741421467924 0,343581662581122
5,2305972085292 -0,0997698691379385 0,344419034705809
5,25285243311833 -0,0920969668095679 0,345090265018071
5,27514600448217 -0,0843977351024541 0,345595009406063
5,29748210631994 -0,0766744046480447 0,345932875296047
5,31986498017968 -0,0689292113758942 0,34610342108368
5,34229893489544 -0,0611643986050188 0,34610615535359
5,36478835638845 -0,0533822191614281 0,345940535879912
5,38733771790026 -0,0455849375319431 0,345605968398283
5,40995159073071 -0,0377748320647756 0,345101805137383
5,43263465556067 -0,0299541972278137 0,344427343095557
5,45539171444621 -0,0221253459363313 0,343581822045149
5,47822770358077 -0,0142906119624374 0,342564422244044
5,50114770693167 -0,0064523524397032 0,341374261830319
5,52415697087059 0,00138704952265284 0,340010393871846
5,54726091993158 0,00922518210014303 0,338471803038103
5,5704651738478 0,0170596018706951 0,336757401856108
5,59377556603844 0,0248878307704194 0,334866026506296
5,61719816374074 0,0327073528662258 0,332796432107005
5,64073929001075 0,0405156109214739 0,330547287427943
5,66440554784907 0,0483100027279821 0,328117168963224
5,68820384674806 0,0560878771742622 0,325504554283045
5,71214143200329 0,0638465300158256 0,322707814569411
5,73622591718894 0,0715831993086986 0,319725206225037
5,7604653202637 0,0792950604615822 0,316554861425075
5,78486810385547 0,0869792208555763 0,313194777457842
5,80944322037134 0,0946327139723421 0,309642804672381
5,83420016269906 0,102252492962191 0,30589663281619
5,85914902141287 0,109835423572158 0,301953775504246
5,88430054957624 0,117378276340441 0,297811552508609
5,90966623645742 0,124877717946891 0,293467069493621
5,93525839175077 0,132330301588942 0,288917194741745
5,96109024224469 0,139732456227392 0,284158532314753
5,98717604331613 0,147080474515649 0,27918739096817
6,01353120819023 0,154370499187599 0,273999747975502
6,04017245862007 0,161598507631256 0,268591206811494
6,06706184590113 0,168745527501412 0,262968857769575
6,09393563473603 0,175735196839728 0,257190220356356
6,1207016036236 0,182540388659216 0,25128078672836
6,14733339269983 0,189152497842475 0,245253050563735
6,17382921508146 0,195569654885498 0,239114263274017
6,20019608089723 0,20179230885866 0,23286953107341
6,22644385584368 0,207821598556221 0,226523043885087
6,25258306486026 0,213658764672539 0,22007856467851
6,27862411112892 0,219304947064796 0,213539627592054
6,30457702515932 0,224761122767171 0,206909621479854
6,33045140913782 0,230028094271545 0,200191828176192
6,35625645057827 0,235106494806007 0,193389442611659
6,38200095833426 0,239996798533632 0,186505585417437
6,40769340382717 0,244699331402812 0,179543312212467
6,43334196151585 0,249214281233898 0,172505621254754
6,45895454677564 0,253541706652294 0,16539546015557
6,48453885085423 0,257681544833311 0,158215731968624
6,51010237308562 0,261633618135946 0,150969300811514
6,53565245069467 0,265397639728392 0,143658997112666
6,56119628654733 0,268973218304483 0,136287622548546
6,58674097518242 0,272359861978068 0,128857954721925
6,61229352743081 0,275556981428526 0,121372751624114
6,63786089389889 0,278563892357616 0,113834755918959
6,66344998756808 0,281379817306087 0,106246699082741
6,68906770574191 0,284003886868039 0,0986113054314466
6,71472095155653 0,286435140331553 0,0909312960648532
6,74041665525914 0,288672525765595 0,0832093927553832
6,76616179545225 0,290714899565267 0,0754483218085755
6,79196342049737 0,29256102545991 0,0676508179215496
6,81782867027279 0,294209572981293 0,0598196280655353
6,84376479848327 0,295659115381836 0,0519575154188422
6,86977919572703 0,296908126985438 0,0440672633772136
6,89587941353688 0,297954979945736 0,0361516796695196
6,92207318962735 0,298797940378424 0,0282136006082659
6,94836847459976 0,299435163825296 0,0202558955062871
6,97477346038183 0,299864689997799 0,0122814712935391
7,00129661070986 0,30008443673676 0,00429327737090367
7,02794669399844 0,300092193112327 -0,00370568925825359
7,05473281898905 0,299885611573585 -0,0117123785335322
7,08166447362363 0,299462199040382 -0,0197236815091572
7,10875156765644 0,298819306810049 -0,0277364240945173
7,13600447959823 0,297954119128211 -0,0357473602983453
7,16343410868449 0,296863640244893 -0,0437531649017561
7,19105193267859 0,295544679743603 -0,0517504254739739
7,21887007246563 0,293993835890524 -0,0597356336307772
7,24690136456983 0,292207476701749 -0,0677051754190367
7,27515944294696 0,290181718366269 -0,0756553206904185
7,30365883167239 0,287912400588289 -0,0835822113025811
7,3324150504814 0,285395058320579 -0,0914818479558634
7,36144473553697 0,282624889245876 -0,0993500754358572
7,39076577833016 0,279596716219164 -0,107182565985787
7,42039748628765 0,276304943700949 -0,114974800474239
7,45036076952013 0,27274350697826 -0,122722046950378
7,4806783592512 0,268905812669359 -0,13041933608552
7,51137506490758 0,264784668616983 -0,138061432880372
7,54247807874509 0,260372200761124 -0,145642803862711
7,57401733940106 0,255659753900143 -0,153157578798332
7,60602596914573 0,250637772332617 -0,160599505671505
7,63854080420688 0,245295655125884 -0,16796189733474
7,67160304389097 0,239621579038536 -0,175237567745298
7,70525905311317 0,233602279718408 -0,182418755043303
7,73906443629627 0,227316920564299 -0,189396255579993
7,77278215911737 0,220816961847759 -0,196113853142484
7,80634323759147 0,21412639395955 -0,202554124468121
7,83974187524835 0,207257794681716 -0,208713526583889
7,87299493235622 0,200218960903507 -0,214593048297635
7,90612667876258 0,193015599806719 -0,220194805526645
7,93916323984236 0,185652416642677 -0,225520844659237
7,97213070533253 0,178133557592596 -0,230572749926005
8,00505460271882 0,170462793873908 -0,23535153565201
8,03795986819516 0,162643601175545 -0,23985763376794
8,07087099249028 0,154679195522529 -0,244090908306028
8,10381222462821 0,146572549661734 -0,248050672836042
8,1368077940958 0,138326399361073 -0,251735702666762
8,16988214092162 0,129943243139475 -0,25514423914491
8,20306015417319 0,121425336530174 -0,258273985123143
8,23636742385403 0,112774680896892 -0,261122091037545
8,26983051351289 0,103993006222086 -0,263685130886301
8,30347726279446 0,0950817468180933 -0,265959067020872
8,33733713143553 0,0860420084128545 -0,267939202121508
8,37144159933444 0,0768745244285919 -0,269620116013856
8,40582464178232 0,067579598404178 -0,270995584024639
8,44052330541882 0,0581570282751562 -0,272058472253637
8,47557841999938 0,0486060064140905 -0,272800603266796
8,51103549531879 0,0389249866143491 -0,273212582985552
8,54694587444479 0,0291115050106961 -0,273283575454359
8,583368248648 0,0191619352908705 -0,273001005846887
8,62037069481046 0,00907114769250536 -0,272350161986858
8,65803348899415 -0,00116797714146125 -0,271313647973594
8,69645311232258 -0,0115652609740169 -0,26987061470462
8,73574816401565 -0,0221343096243906 -0,267995639854212
8,77606847962088 -0,0328942254765923 -0,26565702929036
8,81760997903865 -0,0438724679735645 -0,26281410346039
8,86064060341313 -0,0551099759436716 -0,259412557981677
8,9055501167124 -0,066671246223579 -0,255375767150447
8,95295963034036 -0,0786670441016756 -0,250586169008888
9 -0,0903326187886083 -0,245310658136184
