random matrix A:
   -1,096    -1,186    -0,495    -0,597    -1,729 
   -0,035    -0,603    -0,524    -0,567    -1,760 
   -1,392    -0,661    -0,611    -0,863    -1,737 
   -1,528    -0,743    -0,027    -1,849    -0,210 
   -0,139    -1,953    -0,342    -0,211    -1,056 
random vector b:
       0,4      0,448      0,399      0,634    0,00549 
solution x to system A*x=b:
    0,0126      0,113       1,35     -0,353     -0,582 
check: A*x (should be equal b):
       0,4      0,448      0,399      0,634    0,00549 
test passed
A^-1*A=
    1,000     0,000     0,000     0,000     0,000 
    0,000     1,000     0,000     0,000     0,000 
    0,000     0,000     1,000     0,000     0,000 
    0,000     0,000     0,000     1,000     0,000 
    0,000     0,000     0,000     0,000     1,000 
A*A^-1=
    1,000     0,000     0,000     0,000     0,000 
    0,000     1,000     0,000     0,000     0,000 
    0,000     0,000     1,000     0,000     0,000 
    0,000     0,000     0,000     1,000     0,000 
    0,000     0,000     0,000     0,000     1,000 
