0 1 0
0,0062831852 1 0
0,0125663704 1 0
0,0188495556 1 0
0,0251327408 1 0
0,031415926 1 0
0,0376991112 1 0
0,0439822964 1 0
0,0502654816 1 0
0,0565486668 1 0
0,062831852 1 0
0,0691150372 1 0
0,0753982224 1 0
0,0816814076 1 0
0,0879645928 1 0
0,094247778 1 0
0,1005309632 1 0
0,1068141484 1 0
0,1130973336 1 0
0,1193805188 1 0
0,125663704 1 0
0,1319468892 1 0
0,1382300744 1 0
0,1445132596 1 0
0,1507964448 1 0
0,15707963 1 0
0,1633628152 1 0
0,1696460004 1 0
0,1759291856 1 0
0,1822123708 1 0
0,188495556 1 0
0,1947787412 1 0
0,2010619264 1 0
0,2073451116 1 0
0,2136282968 1 0
0,219911482 1 0
0,2261946672 1 0
0,2324778524 1 0
0,2387610376 1 0
0,2450442228 1 0
0,251327408 1 0
0,2576105932 1 0
0,2638937784 1 0
0,2701769636 1 0
0,2764601488 1 0
0,282743334 1 0
0,2890265192 1 0
0,2953097044 1 0
0,3015928896 1 0
0,3078760748 1 0
0,31415926 1 0
0,3204424452 1 0
0,3267256304 1 0
0,3330088156 1 0
0,3392920008 1 0
0,345575186 1 0
0,3518583712 1 0
0,3581415564 1 0
0,3644247416 1 0
0,3707079268 1 0
0,376991112 1 0
0,3832742972 1 0
0,3895574824 1 0
0,3958406676 1 0
0,4021238528 1 0
0,408407038 1 0
0,4146902232 1 0
0,4209734084 1 0
0,4272565936 1 0
0,4335397788 1 0
0,439822964 1 0
0,4461061492 1 0
0,4523893344 1 0
0,4586725196 1 0
0,4649557048 1 0
0,47123889 1 0
0,4775220752 1 0
0,4838052604 1 0
0,4900884456 1 0
0,4963716308 1 0
0,502654816 1 0
0,5089380012 1 0
0,5152211864 1 0
0,5215043716 1 0
0,5277875568 1 0
0,534070742 1 0
0,5403539272 1 0
0,5466371124 1 0
0,5529202976 1 0
0,5592034828 1 0
0,565486668 1 0
0,5717698532 1 0
0,5780530384 1 0
0,5843362236 1 0
0,5906194088 1 0
0,596902594 1 0
0,6031857792 1 0
0,6094689644 1 0
0,6157521496 1 0
0,6220353348 1 0
0,62831852 1 0
0,6346017052 1 0
0,6408848904 1 0
0,6471680756 1 0
0,6534512608 1 0
0,659734446 1 0
0,6660176312 1 0
0,6723008164 1 0
0,6785840016 1 0
0,6848671868 1 0
0,691150372 1 0
0,6974335572 1 0
0,7037167424 1 0
0,7099999276 1 0
0,7162831128 1 0
0,722566298 1 0
0,7288494832 1 0
0,7351326684 1 0
0,7414158536 1 0
0,7476990388 1 0
0,753982224 1 0
0,7602654092 1 0
0,7665485944 1 0
0,7728317796 1 0
0,7791149648 1 0
0,78539815 1 0
0,7916813352 1 0
0,7979645204 1 0
0,8042477056 1 0
0,8105308908 1 0
0,816814076 1 0
0,8230972612 1 0
0,8293804464 1 0
0,8356636316 1 0
0,8419468168 1 0
0,848230002 1 0
0,8545131872 1 0
0,8607963724 1 0
0,8670795576 1 0
0,8733627428 1 0
0,879645928 1 0
0,8859291132 1 0
0,8922122984 1 0
0,8984954836 1 0
0,9047786688 1 0
0,911061854 1 0
0,9173450392 1 0
0,9236282244 1 0
0,9299114096 1 0
0,9361945948 1 0
0,94247778 1 0
0,9487609652 1 0
0,9550441504 1 0
0,9613273356 1 0
0,9676105208 1 0
0,973893706 1 0
0,9801768912 1 0
0,9864600764 1 0
0,9927432616 1 0
0,9990264468 1 0
1,005309632 1 0
1,0115928172 1 0
1,0178760024 1 0
1,0241591876 1 0
1,0304423728 1 0
1,036725558 1 0
1,0430087432 1 0
1,0492919284 1 0
1,0555751136 1 0
1,0618582988 1 0
1,068141484 1 0
1,0744246692 1 0
1,0807078544 1 0
1,0869910396 1 0
1,0932742248 1 0
1,09955741 1 0
1,1058405952 1 0
1,1121237804 1 0
1,1184069656 1 0
1,1246901508 1 0
1,130973336 1 0
1,1372565212 1 0
1,1435397064 1 0
1,1498228916 1 0
1,1561060768 1 0
1,162389262 1 0
1,1686724472 1 0
1,1749556324 1 0
1,1812388176 1 0
1,1875220028 1 0
1,193805188 1 0
1,2000883732 1 0
1,2063715584 1 0
1,2126547436 1 0
1,2189379288 1 0
1,225221114 1 0
1,2315042992 1 0
1,2377874844 1 0
1,2440706696 1 0
1,2503538548 1 0
1,25663704 1 0
1,2629202252 1 0
1,2692034104 1 0
1,2754865956 1 0
1,2817697808 1 0
1,288052966 1 0
1,2943361512 1 0
1,3006193364 1 0
1,3069025216 1 0
1,3131857068 1 0
1,319468892 1 0
1,3257520772 1 0
1,3320352624 1 0
1,3383184476 1 0
1,3446016328 1 0
1,350884818 1 0
1,3571680032 1 0
1,3634511884 1 0
1,3697343736 1 0
1,3760175588 1 0
1,382300744 1 0
1,3885839292 1 0
1,3948671144 1 0
1,4011502996 1 0
1,4074334848 1 0
1,41371667 1 0
1,4199998552 1 0
1,4262830404 1 0
1,4325662256 1 0
1,4388494108 1 0
1,445132596 1 0
1,4514157812 1 0
1,4576989664 1 0
1,4639821516 1 0
1,4702653368 1 0
1,476548522 1 0
1,4828317072 1 0
1,4891148924 1 0
1,4953980776 1 0
1,5016812628 1 0
1,507964448 1 0
1,5142476332 1 0
1,5205308184 1 0
1,5268140036 1 0
1,5330971888 1 0
1,539380374 1 0
1,5456635592 1 0
1,5519467444 1 0
1,5582299296 1 0
1,5645131148 1 0
1,5707963 1 0
1,5770794852 1 0
1,5833626704 1 0
1,5896458556 1 0
1,5959290408 1 0
1,602212226 1 0
1,6084954112 1 0
1,6147785964 1 0
1,6210617816 1 0
1,6273449668 1 0
1,633628152 1 0
1,6399113372 1 0
1,6461945224 1 0
1,6524777076 1 0
1,6587608928 1 0
1,665044078 1 0
1,6713272632 1 0
1,6776104484 1 0
1,6838936336 1 0
1,6901768188 1 0
1,696460004 1 0
1,7027431892 1 0
1,7090263744 1 0
1,7153095596 1 0
1,7215927448 1 0
1,72787593 1 0
1,7341591152 1 0
1,7404423004 1 0
1,7467254856 1 0
1,7530086708 1 0
1,759291856 1 0
1,7655750412 1 0
1,7718582264 1 0
1,7781414116 1 0
1,7844245968 1 0
1,790707782 1 0
1,7969909672 1 0
1,8032741524 1 0
1,8095573376 1 0
1,8158405228 1 0
1,822123708 1 0
1,8284068932 1 0
1,8346900784 1 0
1,8409732636 1 0
1,8472564488 1 0
1,853539634 1 0
1,8598228192 1 0
1,8661060044 1 0
1,8723891896 1 0
1,8786723748 1 0
1,88495556 1 0
1,8912387452 1 0
1,8975219304 1 0
1,9038051156 1 0
1,9100883008 1 0
1,916371486 1 0
1,9226546712 1 0
1,9289378564 1 0
1,9352210416 1 0
1,9415042268 1 0
1,947787412 1 0
1,9540705972 1 0
1,9603537824 1 0
1,9666369676 1 0
1,9729201528 1 0
1,979203338 1 0
1,9854865232 1 0
1,9917697084 1 0
1,9980528936 1 0
2,0043360788 1 0
2,010619264 1 0
2,0169024492 1 0
2,0231856344 1 0
2,0294688196 1 0
2,0357520048 1 0
2,04203519 1 0
2,0483183752 1 0
2,0546015604 1 0
2,0608847456 1 0
2,0671679308 1 0
2,073451116 1 0
2,0797343012 1 0
2,0860174864 1 0
2,0923006716 1 0
2,0985838568 1 0
2,104867042 1 0
2,1111502272 1 0
2,1174334124 1 0
2,1237165976 1 0
2,1299997828 1 0
2,136282968 1 0
2,1425661532 1 0
2,1488493384 1 0
2,1551325236 1 0
2,1614157088 1 0
2,167698894 1 0
2,1739820792 1 0
2,1802652644 1 0
2,1865484496 1 0
2,1928316348 1 0
2,19911482 1 0
2,2053980052 1 0
2,2116811904 1 0
2,2179643756 1 0
2,2242475608 1 0
2,230530746 1 0
2,2368139312 1 0
2,2430971164 1 0
2,2493803016 1 0
2,2556634868 1 0
2,261946672 1 0
2,2682298572 1 0
2,2745130424 1 0
2,2807962276 1 0
2,2870794128 1 0
2,293362598 1 0
2,2996457832 1 0
2,3059289684 1 0
2,3122121536 1 0
2,3184953388 1 0
2,324778524 1 0
2,3310617092 1 0
2,3373448944 1 0
2,3436280796 1 0
2,3499112648 1 0
2,35619445 1 0
2,3624776352 1 0
2,3687608204 1 0
2,3750440056 1 0
2,3813271908 1 0
2,387610376 1 0
2,3938935612 1 0
2,4001767464 1 0
2,4064599316 1 0
2,4127431168 1 0
2,419026302 1 0
2,4253094872 1 0
2,4315926724 1 0
2,4378758576 1 0
2,4441590428 1 0
2,450442228 1 0
2,4567254132 1 0
2,4630085984 1 0
2,4692917836 1 0
2,4755749688 1 0
2,481858154 1 0
2,4881413392 1 0
2,4944245244 1 0
2,5007077096 1 0
2,5069908948 1 0
2,51327408 1 0
2,5195572652 1 0
2,5258404504 1 0
2,5321236356 1 0
2,5384068208 1 0
2,544690006 1 0
2,5509731912 1 0
2,5572563764 1 0
2,5635395616 1 0
2,5698227468 1 0
2,576105932 1 0
2,5823891172 1 0
2,5886723024 1 0
2,5949554876 1 0
2,6012386728 1 0
2,607521858 1 0
2,6138050432 1 0
2,6200882284 1 0
2,6263714136 1 0
2,6326545988 1 0
2,638937784 1 0
2,6452209692 1 0
2,6515041544 1 0
2,6577873396 1 0
2,6640705248 1 0
2,67035371 1 0
2,6766368952 1 0
2,6829200804 1 0
2,6892032656 1 0
2,6954864508 1 0
2,701769636 1 0
2,7080528212 1 0
2,7143360064 1 0
2,7206191916 1 0
2,7269023768 1 0
2,733185562 1 0
2,7394687472 1 0
2,7457519324 1 0
2,7520351176 1 0
2,7583183028 1 0
2,764601488 1 0
2,7708846732 1 0
2,7771678584 1 0
2,7834510436 1 0
2,7897342288 1 0
2,796017414 1 0
2,8023005992 1 0
2,8085837844 1 0
2,8148669696 1 0
2,8211501548 1 0
2,82743334 1 0
2,8337165252 1 0
2,8399997104 1 0
2,8462828956 1 0
2,8525660808 1 0
2,858849266 1 0
2,8651324512 1 0
2,8714156364 1 0
2,8776988216 1 0
2,8839820068 1 0
2,890265192 1 0
2,8965483772 1 0
2,9028315624 1 0
2,9091147476 1 0
2,9153979328 1 0
2,921681118 1 0
2,9279643032 1 0
2,9342474884 1 0
2,9405306736 1 0
2,9468138588 1 0
2,953097044 1 0
2,9593802292 1 0
2,9656634144 1 0
2,9719465996 1 0
2,9782297848 1 0
2,98451297 1 0
2,9907961552 1 0
2,9970793404 1 0
3,0033625256 1 0
3,0096457108 1 0
3,015928896 1 0
3,0222120812 1 0
3,0284952664 1 0
3,0347784516 1 0
3,0410616368 1 0
3,047344822 1 0
3,0536280072 1 0
3,0599111924 1 0
3,0661943776 1 0
3,0724775628 1 0
3,078760748 1 0
3,0850439332 1 0
3,0913271184 1 0
3,0976103036 1 0
3,1038934888 1 0
3,110176674 1 0
3,1164598592 1 0
3,1227430444 1 0
3,1290262296 1 0
3,1353094148 1 0
3,1415926 1 0
3,1478757852 1 0
3,1541589704 1 0
3,1604421556 1 0
3,1667253408 1 0
3,173008526 1 0
3,1792917112 1 0
3,1855748964 1 0
3,1918580816 1 0
3,1981412668 1 0
3,204424452 1 0
3,2107076372 1 0
3,2169908224 1 0
3,2232740076 1 0
3,2295571928 1 0
3,235840378 1 0
3,2421235632 1 0
3,2484067484 1 0
3,2546899336 1 0
3,2609731188 1 0
3,267256304 1 0
3,2735394892 1 0
3,2798226744 1 0
3,2861058596 1 0
3,2923890448 1 0
3,29867223 1 0
3,3049554152 1 0
3,3112386004 1 0
3,3175217856 1 0
3,3238049708 1 0
3,330088156 1 0
3,3363713412 1 0
3,3426545264 1 0
3,3489377116 1 0
3,3552208968 1 0
3,361504082 1 0
3,3677872672 1 0
3,3740704524 1 0
3,3803536376 1 0
3,3866368228 1 0
3,392920008 1 0
3,3992031932 1 0
3,4054863784 1 0
3,4117695636 1 0
3,4180527488 1 0
3,424335934 1 0
3,4306191192 1 0
3,4369023044 1 0
3,4431854896 1 0
3,4494686748 1 0
3,45575186 1 0
3,4620350452 1 0
3,4683182304 1 0
3,4746014156 1 0
3,4808846008 1 0
3,487167786 1 0
3,4934509712 1 0
3,4997341564 1 0
3,5060173416 1 0
3,5123005268 1 0
3,518583712 1 0
3,5248668972 1 0
3,5311500824 1 0
3,5374332676 1 0
3,5437164528 1 0
3,549999638 1 0
3,5562828232 1 0
3,5625660084 1 0
3,5688491936 1 0
3,5751323788 1 0
3,581415564 1 0
3,5876987492 1 0
3,5939819344 1 0
3,6002651196 1 0
3,6065483048 1 0
3,61283149 1 0
3,6191146752 1 0
3,6253978604 1 0
3,6316810456 1 0
3,6379642308 1 0
3,644247416 1 0
3,6505306012 1 0
3,6568137864 1 0
3,6630969716 1 0
3,6693801568 1 0
3,675663342 1 0
3,6819465272 1 0
3,6882297124 1 0
3,6945128976 1 0
3,7007960828 1 0
3,707079268 1 0
3,7133624532 1 0
3,7196456384 1 0
3,7259288236 1 0
3,7322120088 1 0
3,738495194 1 0
3,7447783792 1 0
3,7510615644 1 0
3,7573447496 1 0
3,7636279348 1 0
3,76991112 1 0
3,7761943052 1 0
3,7824774904 1 0
3,7887606756 1 0
3,7950438608 1 0
3,801327046 1 0
3,8076102312 1 0
3,8138934164 1 0
3,8201766016 1 0
3,8264597868 1 0
3,832742972 1 0
3,8390261572 1 0
3,8453093424 1 0
3,8515925276 1 0
3,8578757128 1 0
3,864158898 1 0
3,8704420832 1 0
3,8767252684 1 0
3,8830084536 1 0
3,8892916388 1 0
3,895574824 1 0
3,9018580092 1 0
3,9081411944 1 0
3,9144243796 1 0
3,9207075648 1 0
3,92699075 1 0
3,9332739352 1 0
3,9395571204 1 0
3,9458403056 1 0
3,9521234908 1 0
3,958406676 1 0
3,9646898612 1 0
3,9709730464 1 0
3,9772562316 1 0
3,9835394168 1 0
3,989822602 1 0
3,9961057872 1 0
4,0023889724 1 0
4,0086721576 1 0
4,0149553428 1 0
4,021238528 1 0
4,0275217132 1 0
4,0338048984 1 0
4,0400880836 1 0
4,0463712688 1 0
4,052654454 1 0
4,0589376392 1 0
4,0652208244 1 0
4,0715040096 1 0
4,0777871948 1 0
4,08407038 1 0
4,0903535652 1 0
4,0966367504 1 0
4,1029199356 1 0
4,1092031208 1 0
4,115486306 1 0
4,1217694912 1 0
4,1280526764 1 0
4,1343358616 1 0
4,1406190468 1 0
4,146902232 1 0
4,1531854172 1 0
4,1594686024 1 0
4,1657517876 1 0
4,1720349728 1 0
4,178318158 1 0
4,1846013432 1 0
4,1908845284 1 0
4,1971677136 1 0
4,2034508988 1 0
4,209734084 1 0
4,2160172692 1 0
4,2223004544 1 0
4,2285836396 1 0
4,2348668248 1 0
4,24115001 1 0
4,2474331952 1 0
4,2537163804 1 0
4,2599995656 1 0
4,2662827508 1 0
4,272565936 1 0
4,2788491212 1 0
4,2851323064 1 0
4,2914154916 1 0
4,2976986768 1 0
4,303981862 1 0
4,3102650472 1 0
4,3165482324 1 0
4,3228314176 1 0
4,3291146028 1 0
4,335397788 1 0
4,3416809732 1 0
4,3479641584 1 0
4,3542473436 1 0
4,3605305288 1 0
4,366813714 1 0
4,3730968992 1 0
4,3793800844 1 0
4,3856632696 1 0
4,3919464548 1 0
4,39822964 1 0
4,4045128252 1 0
4,4107960104 1 0
4,4170791956 1 0
4,4233623808 1 0
4,429645566 1 0
4,4359287512 1 0
4,4422119364 1 0
4,4484951216 1 0
4,4547783068 1 0
4,461061492 1 0
4,4673446772 1 0
4,4736278624 1 0
4,4799110476 1 0
4,4861942328 1 0
4,492477418 1 0
4,4987606032 1 0
4,5050437884 1 0
4,5113269736 1 0
4,5176101588 1 0
4,523893344 1 0
4,5301765292 1 0
4,5364597144 1 0
4,5427428996 1 0
4,5490260848 1 0
4,55530927 1 0
4,5615924552 1 0
4,5678756404 1 0
4,5741588256 1 0
4,5804420108 1 0
4,586725196 1 0
4,5930083812 1 0
4,5992915664 1 0
4,6055747516 1 0
4,6118579368 1 0
4,618141122 1 0
4,6244243072 1 0
4,6307074924 1 0
4,6369906776 1 0
4,6432738628 1 0
4,649557048 1 0
4,6558402332 1 0
4,6621234184 1 0
4,6684066036 1 0
4,6746897888 1 0
4,680972974 1 0
4,6872561592 1 0
4,6935393444 1 0
4,6998225296 1 0
4,7061057148 1 0
4,7123889 1 0
4,7186720852 1 0
4,7249552704 1 0
4,7312384556 1 0
4,7375216408 1 0
4,743804826 1 0
4,7500880112 1 0
4,7563711964 1 0
4,7626543816 1 0
4,7689375668 1 0
4,775220752 1 0
4,7815039372 1 0
4,7877871224 1 0
4,7940703076 1 0
4,8003534928 1 0
4,806636678 1 0
4,8129198632 1 0
4,8192030484 1 0
4,8254862336 1 0
4,8317694188 1 0
4,838052604 1 0
4,8443357892 1 0
4,8506189744 1 0
4,8569021596 1 0
4,8631853448 1 0
4,86946853 1 0
4,8757517152 1 0
4,8820349004 1 0
4,8883180856 1 0
4,8946012708 1 0
4,900884456 1 0
4,9071676412 1 0
4,9134508264 1 0
4,9197340116 1 0
4,9260171968 1 0
4,932300382 1 0
4,9385835672 1 0
4,9448667524 1 0
4,9511499376 1 0
4,9574331228 1 0
4,963716308 1 0
4,9699994932 1 0
4,9762826784 1 0
4,9825658636 1 0
4,9888490488 1 0
4,995132234 1 0
5,0014154192 1 0
5,0076986044 1 0
5,0139817896 1 0
5,0202649748 1 0
5,02654816 1 0
5,0328313452 1 0
5,0391145304 1 0
5,0453977156 1 0
5,0516809008 1 0
5,057964086 1 0
5,0642472712 1 0
5,0705304564 1 0
5,0768136416 1 0
5,0830968268 1 0
5,089380012 1 0
5,0956631972 1 0
5,1019463824 1 0
5,1082295676 1 0
5,1145127528 1 0
5,120795938 1 0
5,1270791232 1 0
5,1333623084 1 0
5,1396454936 1 0
5,1459286788 1 0
5,152211864 1 0
5,1584950492 1 0
5,1647782344 1 0
5,1710614196 1 0
5,1773446048 1 0
5,18362779 1 0
5,1899109752 1 0
5,1961941604 1 0
5,2024773456 1 0
5,2087605308 1 0
5,215043716 1 0
5,2213269012 1 0
5,2276100864 1 0
5,2338932716 1 0
5,2401764568 1 0
5,246459642 1 0
5,2527428272 1 0
5,2590260124 1 0
5,2653091976 1 0
5,2715923828 1 0
5,277875568 1 0
5,2841587532 1 0
5,2904419384 1 0
5,2967251236 1 0
5,3030083088 1 0
5,309291494 1 0
5,3155746792 1 0
5,3218578644 1 0
5,3281410496 1 0
5,3344242348 1 0
5,34070742 1 0
5,3469906052 1 0
5,3532737904 1 0
5,3595569756 1 0
5,3658401608 1 0
5,372123346 1 0
5,3784065312 1 0
5,3846897164 1 0
5,3909729016 1 0
5,3972560868 1 0
5,403539272 1 0
5,4098224572 1 0
5,4161056424 1 0
5,4223888276 1 0
5,4286720128 1 0
5,434955198 1 0
5,4412383832 1 0
5,4475215684 1 0
5,4538047536 1 0
5,4600879388 1 0
5,466371124 1 0
5,4726543092 1 0
5,4789374944 1 0
5,4852206796 1 0
5,4915038648 1 0
5,49778705 1 0
5,5040702352 1 0
5,5103534204 1 0
5,5166366056 1 0
5,5229197908 1 0
5,529202976 1 0
5,5354861612 1 0
5,5417693464 1 0
5,5480525316 1 0
5,5543357168 1 0
5,560618902 1 0
5,5669020872 1 0
5,5731852724 1 0
5,5794684576 1 0
5,5857516428 1 0
5,592034828 1 0
5,5983180132 1 0
5,6046011984 1 0
5,6108843836 1 0
5,6171675688 1 0
5,623450754 1 0
5,6297339392 1 0
5,6360171244 1 0
5,6423003096 1 0
5,6485834948 1 0
5,65486668 1 0
5,6611498652 1 0
5,6674330504 1 0
5,6737162356 1 0
5,6799994208 1 0
5,686282606 1 0
5,6925657912 1 0
5,6988489764 1 0
5,7051321616 1 0
5,7114153468 1 0
5,717698532 1 0
5,7239817172 1 0
5,7302649024 1 0
5,7365480876 1 0
5,7428312728 1 0
5,749114458 1 0
5,7553976432 1 0
5,7616808284 1 0
5,7679640136 1 0
5,7742471988 1 0
5,780530384 1 0
5,7868135692 1 0
5,7930967544 1 0
5,7993799396 1 0
5,8056631248 1 0
5,81194631 1 0
5,8182294952 1 0
5,8245126804 1 0
5,8307958656 1 0
5,8370790508 1 0
5,843362236 1 0
5,8496454212 1 0
5,8559286064 1 0
5,8622117916 1 0
5,8684949768 1 0
5,874778162 1 0
5,8810613472 1 0
5,8873445324 1 0
5,8936277176 1 0
5,8999109028 1 0
5,906194088 1 0
5,9124772732 1 0
5,9187604584 1 0
5,9250436436 1 0
5,9313268288 1 0
5,937610014 1 0
5,9438931992 1 0
5,9501763844 1 0
5,9564595696 1 0
5,9627427548 1 0
5,96902594 1 0
5,9753091252 1 0
5,9815923104 1 0
5,9878754956 1 0
5,9941586808 1 0
6,000441866 1 0
6,0067250512 1 0
6,0130082364 1 0
6,0192914216 1 0
6,0255746068 1 0
6,031857792 1 0
6,0381409772 1 0
6,0444241624 1 0
6,0507073476 1 0
6,0569905328 1 0
6,063273718 1 0
6,0695569032 1 0
6,0758400884 1 0
6,0821232736 1 0
6,0884064588 1 0
6,094689644 1 0
6,1009728292 1 0
6,1072560144 1 0
6,1135391996 1 0
6,1198223848 1 0
6,12610557 1 0
6,1323887552 1 0
6,1386719404 1 0
6,1449551256 1 0
6,1512383108 1 0
6,157521496 1 0
6,1638046812 1 0
6,1700878664 1 0
6,1763710516 1 0
6,1826542368 1 0
6,188937422 1 0
6,1952206072 1 0
6,2015037924 1 0
6,2077869776 1 0
6,2140701628 1 0
6,220353348 1 0
6,2266365332 1 0
6,2329197184 1 0
6,2392029036 1 0
6,2454860888 1 0
6,251769274 1 0
6,2580524592 1 0
6,2643356444 1 0
6,2706188296 1 0
6,2769020148 1 0
