0 1 -0,5
0,01 0,995000083333333 -0,499975
0,0240522683322616 0,987975025357123 -0,499855378048704
0,0400200006968774 0,979995340628396 -0,499599650949201
0,0567772322371883 0,971626634114217 -0,499194298936663
0,073848121078067 0,963109491834516 -0,498637227471829
0,0910474050647468 0,954539167771343 -0,497929016149593
0,108305822782705 0,945952897737259 -0,49707031824436
0,12559860407102 0,937365678980876 -0,496061418082666
0,142917799734869 0,928784117448384 -0,494902298315397
0,160261794499411 0,920211676294056 -0,493592755539079
0,1776313644036 0,911650649675938 -0,492132477409933
0,195028200412858 0,903102902991379 -0,490521083856287
0,212454357685105 0,894570150480555 -0,488758146761339
0,229912051755846 0,886054059678942 -0,486843198519508
0,247403584715942 0,877556291149751 -0,484775735235779
0,264931320156998 0,869078514062766 -0,482555217425143
0,282497676494886 0,860622412786432 -0,480181069538592
0,300105127314987 0,852189690162526 -0,477652678904124
0,317756204507326 0,843782069583849 -0,474969394332888
0,335453502627767 0,835401296670017 -0,472130524489999
0,353199683920467 0,827049140842416 -0,469135336063865
0,370997483813547 0,818727396915152 -0,465983051738786
0,38884971684248 0,810437886750896 -0,462672847962405
0,406759283012507 0,802182461005547 -0,4592038524927
0,424729174635495 0,793963000977099 -0,455575141704886
0,442762483689693 0,785781420571525 -0,451785737635045
0,46086240975997 0,777639668398408 -0,447834604733824
0,479032268624574 0,76953973000994 -0,443720646299788
0,497275501563489 0,761483630298266 -0,439442700557793
0,515595685473618 0,753473436067891 -0,434999536342857
0,533996543887642 0,745511258801928 -0,43038984834443
0,552481959006939 0,737599257643346 -0,425612251859422
0,571055984874853 0,729739642615105 -0,420665276994713
0,589722861835026 0,721934678106324 -0,41554736225098
0,608487032441386 0,714186686655295 -0,410256847409148
0,627353159012131 0,706498053064575 -0,404791965628388
0,646326143050449 0,698871228888456 -0,39915083464994
0,665411146791191 0,691308737339129 -0,393331446983497
0,684613617175842 0,683813178664984 -0,387331658932096
0,703939312610351 0,676387236062869 -0,381149178286323
0,723394332923011 0,669033682196177 -0,374781550488453
0,742985153015433 0,661755386402688 -0,368226143030536
0,762718660792337 0,654555322690476 -0,361480127805773
0,782602200068939 0,6474365786377 -0,354540461077901
0,8026436192941 0,640402365333383 -0,347403860665962
0,82285132710024 0,63345602852219 -0,340066779858327
0,843059319586705 0,626659270796825 -0,332590730830371
0,86318027910046 0,620043251775521 -0,325011938827905
0,883185908259569 0,613617651302716 -0,317346133079517
0,903070194097166 0,607384250767733 -0,309600965379165
0,922835299495062 0,601342042997269 -0,301780904711142
0,942486211877098 0,595489127101709 -0,293889148712062
0,962028737316387 0,589823399944401 -0,285928368218684
0,98146876426404 0,584342800737395 -0,277900998039783
1,00081200636514 0,579045391029434 -0,269809351729236
1,02006392442245 0,573929374907505 -0,261655668132484
1,03922971407107 0,568993098153572 -0,253442131427717
1,05831431646587 0,564235040567654 -0,245170880794275
1,07732243606043 0,559653806591067 -0,236844015946028
1,09625855966316 0,555248116020583 -0,228463600946773
1,11512697475212 0,55101679538371 -0,220031667250472
1,13393178643955 0,546958770107997 -0,21155021634029
1,15267693298834 0,543073057467119 -0,203021222120453
1,17136619995765 0,539358760240705 -0,194446633129312
1,19000323310501 0,535815061015967 -0,185828374608303
1,20859155017827 0,53244121706261 -0,177168350447592
1,22713455172222 0,52923655571945 -0,168468445023185
1,24563553101156 0,526200470238619 -0,159730524937346
1,26409768320922 0,523332416040032 -0,150956440672479
1,28252411383757 0,520631907334865 -0,142148028167379
1,30091784663949 0,51809851408208 -0,13330711032398
1,31928183089771 0,515731859246584 -0,124435498451977
1,33761894827281 0,513531616331579 -0,115534993658036
1,35593201921425 0,511497507161102 -0,10660738818584
1,37422380899236 0,509629299891766 -0,0976544667127442
1,39249703339518 0,507926807235327 -0,0886780076083703
1,4107543641291 0,506389884876049 -0,07967978416021
1,42899843395905 0,505018430068851 -0,0706615657709276
1,44723184162079 0,503812380406078 -0,0616251191318586
1,46545715653511 0,50277171274232 -0,0525722093769379
1,48367692335148 0,501896442268235 -0,0435046012211826
1,50189366634683 0,50118662172558 -0,0344240600876246
1,5201098937034 0,500642340756927 -0,0253323532265744
1,53832810168842 0,500263725384635 -0,0162312508309008
1,556550778757 0,500050937614669 -0,00712252715111314
1,5747804095991 0,500004175161872 0,00199203838618535
1,59301947915054 0,500123671294169 0,0111106600527026
1,61127047658751 0,500409694794121 0,020231544682049
1,6295358993242 0,500862550037065 0,0293528905187646
1,64781825703263 0,501482577185963 0,0384728860488944
1,66612007570412 0,502270152503907 0,0475897088081548
1,6844439017722 0,503225688786098 0,0567015241635495
1,70279230631718 0,504349635913994 0,0658064840641778
1,72116788937332 0,505642481535227 0,0749027257566362
1,73957328436056 0,507104751873854 0,0839883704603268
1,75801116266385 0,50873701267652 0,0930615219975488
1,7764842383845 0,510539870301182 0,10212026537297
1,79499527328973 0,51251397295624 0,111162665296673
1,81354708198859 0,514660012099185 0,120186764644562
1,83214253736457 0,516978724005282 0,129190582849308
1,85078457629803 0,519470891518354 0,138172114214523
1,86947620571475 0,522137345997487 0,147129326144193
1,88822050900023 0,524978969475373 0,156060157278538
1,90702065282385 0,527996697046209 0,164962515526787
1,92587989442135 0,531191519503501 0,173834275986174
1,94480158938996 0,534564486250952 0,182673278735603
1,96378920005674 0,538116708512721 0,191477326490932
1,98284630448775 0,541849362873034 0,200244182107546
2,0019766062145 0,545763695179225 0,208971565914139
2,02118394476385 0,549861024847162 0,217657152859853
2,04047230708871 0,554142749613471 0,226298569454594
2,0598458400105 0,558610350785478 0,234893390479975
2,07930886379957 0,563265399047216 0,243439135445351
2,09886588703832 0,56810956088871 0,251933264760202
2,11852162293235 0,573144605735833 0,260373175589923
2,13828100726134 0,578372413870373 0,268756197357986
2,15814921818975 0,583794985244003 0,277079586851636
2,17813169819382 0,589414449307016 0,285340522882449
2,19823417840319 0,595233075992817 0,293536100445475
2,21846270570536 0,601253288023384 0,301663324312011
2,23882367302306 0,607477674730187 0,30971910198088
2,25932385324657 0,613909007620077 0,317700235900391
2,27997043739304 0,620550257958627 0,325603414858641
2,30077107767314 0,627404616695615 0,333425204421756
2,32173393627868 0,634475517121506 0,341162036277977
2,3428677408697 0,641766660723114 0,348810196319058
2,36418184794421 0,649282046805332 0,356365811258059
2,38568631552943 0,657026006569088 0,363824833542396
2,40730547056256 0,664971130278302 0,371154040224197
2,42887072574701 0,673052445777483 0,378292158793316
2,45032355414496 0,681242494588579 0,38521852103519
2,47164751611734 0,689528728481632 0,391927597216026
2,49284184637593 0,697904481315261 0,398419308374026
2,51391137482618 0,706365421060516 0,404695413416894
2,53486272716434 0,714908163735089 0,410758182476088
2,55570291643321 0,723529731975919 0,416609921323858
2,57643883915823 0,732227342162933 0,422252809949811
2,59707711104399 0,740998319125354 0,427688855735842
2,61762402823526 0,749840060424644 0,432919887433614
2,63808557344773 0,758750019991889 0,437947562841299
2,65846743677646 0,767725699418785 0,44277338035079
2,6787750400724 0,77676464236743 0,447398690898539
2,69901356095402 0,785864430333259 0,451824709178058
2,71918795519659 0,795022679065299 0,456052523808516
2,73930297721822 0,804237035361264 0,460083106444177
2,7593631987237 0,813505174115956 0,463917319901668
2,77937302567134 0,822824795564225 0,467555925403549
2,79933671374846 0,832193622685347 0,470999589034443
2,81925838253183 0,841609398746397 0,474248887496454
2,83914202849195 0,85106988496727 0,477304313239925
2,85899153698171 0,860572858292708 0,480166279035431
2,87881069333333 0,87011610925845 0,48283512204402
2,89860319317241 0,879697439939892 0,485311107434907
2,91837265204549 0,889314661972632 0,487594431593125
2,93812261444638 0,89896559463503 0,489685224953825
2,95785656231767 0,908648062983752 0,491583554494913
2,97757792309551 0,918359896033683 0,49328942591529
2,9972900773595 0,928098924974214 0,494802785522148
3,01699636614365 0,937862981414216 0,496123521847358
3,03670009795961 0,947649895648374 0,497251467009978
3,05640455557957 0,957457494937818 0,49818639783922
3,07611300262287 0,967283601798194 0,498928036769757
3,09582868998744 0,977126032288327 0,499476052519004
3,11555486216547 0,986982594292865 0,499830060554
3,13529476348077 0,996851085792151 0,499989623353526
3,15505164428411 1,00672929311258 0,499954250469308
3,17486195502443 1,01663157390232 0,499722846675453
3,19475692655949 1,02656959838648 0,499293086190907
3,21475044326906 1,03654624749623 0,498662107986801
3,23484997580847 1,04656106572163 0,497826867401752
3,25506066351509 1,0566122946591 0,496784226164699
3,2753868459257 1,06669763135073 0,49553096945515
3,29583264161263 1,07681450960344 0,49406380477752
3,31640217114799 1,08696020265938 0,492379357306216
3,33709964743123 1,09713185887003 0,490474164984901
3,35792941695271 1,10732651214616 0,488344673764747
3,3788959833225 1,11754108279309 0,485987232789441
3,40000402485646 1,12777237454859 0,483398089306973
3,42125841071278 1,1380170699754 0,480573383145451
3,4426642173541 1,14827172498745 0,477509140633264
3,46422674610784 1,15853276277325 0,47420126786385
3,48595154223823 1,16879646718352 0,470645543209142
3,50784441582849 1,17905897557252 0,466837608979813
3,52991146475025 1,18931627104909 0,46277296211841
3,55215910001602 1,19956417407433 0,458446943794872
3,57459407384844 1,20979833332981 0,453854727753124
3,59722351085169 1,22001421576649 0,448991307232274
3,62005494273415 1,23020709573017 0,44385148025549
3,64309634710951 1,24037204304243 0,438429833042934
3,66635619099777 1,25050390989596 0,432720721260742
3,68984347976243 1,26059731639941 0,426718248763947
3,71356781236026 1,27064663457787 0,420416243425263
3,73753944395243 1,28064597060026 0,413808229560421
3,76176935713854 1,29058914496237 0,406887396360298
3,7862693433393 1,30046967030177 0,399646561615203
3,81105209618506 1,31028072645651 0,392078129860035
3,83613131918434 1,32001513229911 0,384174043871513
3,86124622279095 1,32956168595396 0,376016579088318
3,88621301035657 1,33884592212284 0,367672144125254
3,91097399091069 1,34784504039456 0,359170133151732
3,93551915372748 1,35655526234666 0,35052488357892
3,95985564780277 1,3649793794506 0,341744633292989
3,98399618446468 1,37312212830971 0,332835112481247
4,00795473713562 1,3809885246614 0,323800975829377
4,03174501688825 1,38858329836075 0,314646375212767
4,05537998935894 1,39591073077733 0,305375192108102
4,07887177322345 1,40297463453851 0,295991135466187
4,10223167145274 1,40977837992403 0,286497786205081
4,1254702428999 1,41632493340594 0,276898620262954
4,14859738086889 1,42261689641693 0,267197022780915
4,17162238743847 1,42865654065176 0,257396298384727
4,19455404044081 1,43444583911667 0,24749967955515
4,21740065285765 1,43998649310768 0,237510333908761
4,24017012531097 1,44527995556768 0,227431370750615
4,26286999253386 1,45032745130115 0,217265847076381
4,28550746467815 1,4551299944803 0,207016773125941
4,30808946421628 1,45968840381437 0,196687117557381
4,33062265908826 1,46400331569512 0,186279812294174
4,35311349264642 1,46807519557969 0,175797757089526
4,37556821086804 1,47190434782899 0,165243823845787
4,39799288723678 1,47549092418374 0,154620860722784
4,4203934456367 1,47883493103033 0,143931696065354
4,44277568155616 1,48193623558342 0,133179142177736
4,46514528185993 1,48479457109148 0,122365998970229
4,48750784335667 1,48740954115328 0,111495057501639
4,5098688903627 1,48978062321831 0,100569103439596
4,5322338914424 1,49190717133063 0,0895909204595128
4,55460827548783 1,49378841816453 0,0785632936022152
4,57699744728717 1,49542347638966 0,0674890126094925
4,59940680272048 1,49681133939443 0,0563708752565625
4,62184174371356 1,49795088138807 0,0452116907000927
4,64430769307491 1,49884085689365 0,0340142828606726
4,66681010933714 1,49947989963736 0,0227814938588985
4,68935450172317 1,49986652083171 0,0115161875246716
4,71194644535759 1,49999910684359 0,000221253000220981
4,73459159684632 1,4998759162306 -0,0111003915415473
4,75729571035215 1,49949507612184 -0,022445795040597
4,78006465430014 1,49885457791141 -0,0338119695305151
4,80290442885596 1,49795227222441 -0,0451958859299646
4,82582118433142 1,49678586310633 -0,0565944696158395
4,84882124068517 1,49535290137616 -0,0680045957461229
4,87191110830431 1,4936507770727 -0,0794230842972952
4,89509751027279 1,49167671091041 -0,0908466947768008
4,91838740635764 1,48942774464667 -0,102272120566632
4,94178801897415 1,48690073024537 -0,11369598284839
4,96530686142601 1,48409231770236 -0,125114824053521
4,98895176875972 1,48099894137526 -0,136525100774824
5,01273093162297 1,47761680463361 -0,147923176066078
5,03665293357764 1,47394186261321 -0,159305311045652
5,06072679239128 1,4699698028214 -0,170667655707065
5,08496200591925 1,46569602329429 -0,182006238824057
5,10936860329557 1,46111560795353 -0,193316956818829
5,13395720228066 1,45622329874439 -0,204595561440069
5,15873907377145 1,45101346405746 -0,215837646069966
5,18372621467263 1,44548006283951 -0,227038630446622
5,20893143056668 1,43961660367932 -0,238193743547779
5,23436842991476 1,43341609800705 -0,249298004332121
5,26005193189008 1,42687100636146 -0,260346199973145
5,28599779040669 1,41997317644942 -0,271332861143579
5,31222313749223 1,4127137714309 -0,282252233812685
5,33874654989746 1,40508318649265 -0,293098246896775
5,36558824379193 1,39707095129918 -0,303864474948473
5,39277030363434 1,38866561529494 -0,314544094871061
5,42031695292579 1,37985461202977 -0,325129835385372
5,44825487669312 1,37062409762045 -0,33561391763786
5,47661360840505 1,36095875704998 -0,345987984888958
5,50542599788029 1,35084157010062 -0,356243018618681
5,53472878202033 1,34025352611435 -0,36636923756823
5,56456328751468 1,32917327316694 -0,376355975110537
5,59497630496092 1,31757668217011 -0,38619152876854
5,6260211885786 1,30543629916219 -0,395862973463648
5,65775925717283 1,29272064848539 -0,405355926839664
5,69024066411938 1,27940201661471 -0,414648399736204
5,72292917369795 1,26570091637143 -0,423558474774323
5,75564030799199 1,25170615666393 -0,432021695481801
5,78832701765493 1,23745283945954 -0,440016885958884
5,82099512447753 1,22295417213255 -0,447537846786121
5,8536714354911 1,20821385999282 -0,454582942862187
5,88639229740965 1,19323070591905 -0,461151313401305
5,9192000422818 1,17800009359947 -0,467241460182151
5,95214261716827 1,16251415673664 -0,472850652710343
5,9852747394993 1,14676127841474 -0,477974573561265
6,01866014557596 1,13072507850687 -0,482606976525287
6,05237509441305 1,11438279408005 -0,486739241742366
6,08651377295981 1,09770273353334 -0,490359725719219
6,12119697424825 1,08064013369738 -0,493452757060341
6,15658693045456 1,0631300087172 -0,495996999937132
6,19291490591801 1,04507374809838 -0,497962591879273
6,23053894070367 1,02631090393841 -0,499305598092145
6,27008820230873 1,00654830709873 -0,499955410695334
6,2831852 1,00000001781458 -0,499998292393543
